 1.0713E+00,3,1,1,11-07-17,15:11:47
 1.0703E+00,1
 1.0713E+00,1
 1.0703E+00,1
 1.0713E+00,1
 1.0693E+00,1
 1.0723E+00,1
 1.0713E+00,1
 1.0713E+00,1
 1.0723E+00,1
 1.0713E+00,1
 1.0732E+00,1
 1.0742E+00,1
 1.0723E+00,1
 1.0723E+00,1
 1.0703E+00,1
 1.0732E+00,1
 1.0713E+00,1
 1.0723E+00,1
 1.0723E+00,1
 1.0723E+00,1
 1.0732E+00,1
 1.0713E+00,1
 1.0723E+00,1
 1.0723E+00,1
 1.0723E+00,1
 1.0742E+00,1
 1.0713E+00,1
 1.0732E+00,1
 1.0752E+00,1
 1.0723E+00,1
 1.0732E+00,1
 1.0732E+00,1
 1.0713E+00,1
 1.0723E+00,1
 1.0752E+00,1
 1.0732E+00,1
 1.0742E+00,1
 1.0732E+00,1
 1.0742E+00,1
 1.0742E+00,1
 1.0723E+00,1
 1.0762E+00,1
 1.0732E+00,1
 1.0732E+00,1
 1.0742E+00,1
 1.0723E+00,1
 1.0732E+00,1
 1.0732E+00,1
 1.0732E+00,1
 1.0762E+00,1
 1.0742E+00,1
 1.0723E+00,1
 1.0771E+00,1
 1.0713E+00,1
 1.0752E+00,1
 1.0762E+00,1
 1.0713E+00,1
 1.0771E+00,1
 1.0732E+00,1
 1.0762E+00,1
 1.0762E+00,1
 1.0732E+00,1
 1.0762E+00,1
 1.0732E+00,1
 1.0732E+00,1
 1.0742E+00,1
 1.0742E+00,1
 1.0762E+00,1
 1.0752E+00,1
 1.0742E+00,1
 1.0762E+00,1
 1.0752E+00,1
 1.0771E+00,1
 1.0752E+00,1
 1.0742E+00,1
 1.0752E+00,1
 1.0742E+00,1
 1.0732E+00,1
 1.0732E+00,1
 1.0752E+00,1
 1.0732E+00,1
 1.0762E+00,1
 1.0742E+00,1
 1.0752E+00,1
 1.0752E+00,1
 1.0742E+00,1
 1.0752E+00,1
 1.0742E+00,1
 1.0762E+00,1
 1.0732E+00,1
 1.0771E+00,1
 1.0752E+00,1
 1.0752E+00,1
 1.0771E+00,1
 1.0752E+00,1
 1.0762E+00,1
 1.0762E+00,1
 1.0762E+00,1
 1.0762E+00,1
 1.0752E+00,1
 1.0762E+00,1
 1.0752E+00,1
 1.0752E+00,1
 1.0752E+00,1
 1.0771E+00,1
 1.0752E+00,1
 1.0752E+00,1
 1.0762E+00,1
 1.0771E+00,1
 1.0752E+00,1
 1.0771E+00,1
 1.0771E+00,1
 1.0742E+00,1
 1.0781E+00,1
 1.0742E+00,1
 1.0762E+00,1
 1.0762E+00,1
 1.0742E+00,1
 1.0771E+00,1
 1.0752E+00,1
 1.0771E+00,1
 1.0771E+00,1
 1.0762E+00,1
 1.0762E+00,1
 1.0752E+00,1
 1.0771E+00,1
 1.0762E+00,1
 1.0762E+00,1
 1.0762E+00,1
 1.0762E+00,1
 1.0752E+00,1
 1.0742E+00,1
 1.0762E+00,1
 1.0732E+00,1
 1.0781E+00,1
 1.0762E+00,1
 1.0771E+00,1
 1.0791E+00,1
 1.0762E+00,1
 1.0771E+00,1
 1.0781E+00,1
 1.0742E+00,1
 1.0791E+00,1
 1.0781E+00,1
 1.0771E+00,1
 1.0771E+00,1
 1.0762E+00,1
 1.0762E+00,1
 1.0781E+00,1
 1.0762E+00,1
 1.0762E+00,1
 1.0781E+00,1
 1.0771E+00,1
 1.0791E+00,1
 1.0771E+00,1
 1.0771E+00,1
 1.0771E+00,1
 1.0771E+00,1
 1.0752E+00,1
 1.0781E+00,1
 1.0752E+00,1
 1.0771E+00,1
 1.0771E+00,1
 1.0771E+00,1
 1.0771E+00,1
 1.0801E+00,1
 1.0752E+00,1
 1.0762E+00,1
 1.0732E+00,1
 1.0713E+00,3,2,0,11-07-17,15:14:37,"50UL NADH"
 1.0742E+00,1
 1.0723E+00,1
 1.0723E+00,1
 1.0742E+00,1
 1.0723E+00,1
 1.0742E+00,1
 1.0723E+00,1
 1.0703E+00,1
 1.0742E+00,1
 1.0742E+00,1
 1.0742E+00,1
 1.0732E+00,1
 1.0723E+00,1
 1.0723E+00,1
 1.0713E+00,1
 1.0732E+00,1
 1.0723E+00,1
 1.0752E+00,1
 1.0713E+00,1
 1.0742E+00,1
 1.0723E+00,1
 1.0732E+00,1
 1.0723E+00,1
 1.0723E+00,1
 1.0703E+00,1
 1.0723E+00,1
 1.0723E+00,1
 1.0713E+00,1
 1.0732E+00,1
 1.0693E+00,1
 1.0723E+00,1
 1.0703E+00,1
 1.0703E+00,1
 1.0713E+00,1
 1.0703E+00,1
 1.0693E+00,1
 1.0693E+00,1
 1.0703E+00,1
 1.0684E+00,1
 1.0723E+00,1
 1.0693E+00,1
 1.0693E+00,1
 1.0713E+00,1
 1.0684E+00,1
 1.0684E+00,1
 1.0713E+00,1
 1.0664E+00,1
 1.0703E+00,1
 1.0713E+00,1
 1.0674E+00,1
 1.0703E+00,1
 1.0684E+00,1
 1.0674E+00,1
 1.0693E+00,1
 1.0693E+00,1
 1.0674E+00,1
 1.0684E+00,1
 1.0664E+00,1
 1.0684E+00,1
 1.0654E+00,1
 1.0674E+00,1
 1.0654E+00,1
 1.0664E+00,1
 1.0664E+00,1
 1.0664E+00,1
 1.0674E+00,1
 1.0664E+00,1
 1.0654E+00,1
 1.0674E+00,1
 1.0654E+00,1
 1.0654E+00,1
 1.0654E+00,1
 1.0645E+00,1
 1.0664E+00,1
 1.0645E+00,1
 1.0664E+00,1
 1.0654E+00,1
 1.0664E+00,1
 1.0664E+00,1
 1.0674E+00,1
 1.0654E+00,1
 1.0664E+00,1
 1.0654E+00,1
 1.0654E+00,1
 1.0654E+00,1
 1.0654E+00,1
 1.0645E+00,1
 1.0654E+00,1
 1.0654E+00,1
 1.0635E+00,1
 1.0654E+00,1
 1.0654E+00,1
 1.0635E+00,1
 1.0654E+00,1
 1.0645E+00,1
 1.0635E+00,1
 1.0654E+00,1
 1.0645E+00,1
 1.0625E+00,1
 1.0654E+00,1
 1.0645E+00,1
 1.0605E+00,1
 1.0674E+00,1
 1.0625E+00,1
 1.0625E+00,1
 1.0645E+00,1
 1.0635E+00,1
 1.0615E+00,1
 1.0635E+00,1
 1.0625E+00,1
 1.0615E+00,1
 1.0635E+00,1
 1.0615E+00,1
 1.0615E+00,1
 1.0615E+00,1
 1.0625E+00,1
 1.0615E+00,1
 1.0615E+00,1
 1.0615E+00,1
 1.0605E+00,1
 1.0625E+00,1
 1.0596E+00,1
 1.0625E+00,1
 1.0605E+00,1
 1.0605E+00,1
 1.0605E+00,1
 1.0605E+00,1
 1.0586E+00,1
 1.0596E+00,1
 1.0596E+00,1
 1.0586E+00,1
 1.0605E+00,1
 1.0596E+00,1
 1.0576E+00,1
 1.0596E+00,1
 1.0605E+00,1
 1.0566E+00,1
 1.0596E+00,1
 1.0596E+00,1
 1.0557E+00,1
 1.0605E+00,1
 1.0596E+00,1
 1.0547E+00,1
 1.0596E+00,1
 1.0586E+00,1
 1.0557E+00,1
 1.0596E+00,1
 1.0566E+00,1
 1.0547E+00,1
 1.0596E+00,1
 1.0566E+00,1
 1.0547E+00,1
 1.0586E+00,1
 1.0566E+00,1
 1.0527E+00,1
 1.0576E+00,1
 1.0547E+00,1
 1.0547E+00,1
 1.0566E+00,1
 1.0547E+00,1
 1.0557E+00,1
 1.0547E+00,1
 1.0537E+00,1
 1.0547E+00,1
 1.0566E+00,1
 1.0527E+00,1
 1.0557E+00,1
 1.0537E+00,1
 1.0557E+00,1
 1.0537E+00,1
 1.0557E+00,1
 1.0527E+00,1
 1.0547E+00,1
 1.0547E+00,1
 1.0518E+00,1
 1.0547E+00,1
 1.0537E+00,1
 1.0508E+00,1
 1.0547E+00,1
 1.0537E+00,1
 1.0518E+00,1
 1.0527E+00,1
 1.0518E+00,1
 1.0518E+00,1
 1.0537E+00,1
 1.0518E+00,1
 1.0518E+00,1
 1.0527E+00,1
 1.0508E+00,1
 1.0518E+00,1
 1.0527E+00,1
 1.0508E+00,1
 1.0527E+00,1
 1.0518E+00,1
 1.0508E+00,1
 1.0518E+00,1
 1.0508E+00,1
 1.0508E+00,1
 1.0518E+00,1
 1.0498E+00,1
 1.0508E+00,1
 1.0566E+00,1
 1.0508E+00,1
 1.0488E+00,1
 1.0527E+00,1
 1.0674E+00,1
 1.0615E+00,1
 1.0225E+00,1
 9.5117E-01,1
 8.7402E-01,1
 8.1348E-01,1
 7.6367E-01,1
 7.2559E-01,1
 6.9629E-01,1
 6.6895E-01,1
 6.4551E-01,1
 6.2305E-01,1
 6.0352E-01,1
 5.8887E-01,1
 5.7715E-01,1
 5.6543E-01,1
 5.6055E-01,1
 5.5371E-01,1
 5.4688E-01,1
 5.4492E-01,1
 5.4395E-01,1
 5.4102E-01,1
 5.4102E-01,1
 5.4004E-01,1
 5.4004E-01,1
 5.3906E-01,1
 5.4004E-01,1
 5.3809E-01,1
 5.3711E-01,1
 5.3516E-01,1
 5.3809E-01,1
 5.3223E-01,1
 5.3320E-01,1
 5.3027E-01,1
 5.3125E-01,1
 5.2734E-01,1
 5.2832E-01,1
 5.2441E-01,1
 5.2539E-01,1
 5.2148E-01,1
 5.2051E-01,1
 5.1855E-01,1
 5.1953E-01,1
 5.1660E-01,1
 5.1660E-01,1
 5.1367E-01,1
 5.1172E-01,1
 5.1172E-01,1
 5.1270E-01,1
 5.1074E-01,1
 5.0684E-01,1
 5.0977E-01,1
 5.0781E-01,1
 5.0586E-01,1
 5.0684E-01,1
 5.0684E-01,1
 5.0391E-01,1
 5.0488E-01,1
 5.0000E-01,1
 5.0293E-01,1
 5.0195E-01,1
 4.9902E-01,1
 4.9902E-01,1
 5.0195E-01,1
 4.9805E-01,1
 4.9609E-01,1
 4.9707E-01,1
 4.9609E-01,1
 4.9609E-01,1
 4.9414E-01,1
 4.9414E-01,1
 4.9121E-01,1
 4.9512E-01,1
 4.9121E-01,1
 4.9023E-01,1
 4.8828E-01,1
 4.9121E-01,1
 4.8633E-01,1
 4.8730E-01,1
 4.8535E-01,1
 4.8535E-01,1
 4.8242E-01,1
 4.8340E-01,1
 4.8145E-01,1
 4.8242E-01,1
 4.8047E-01,1
 4.7949E-01,1
 4.8047E-01,1
 4.7754E-01,1
 4.8145E-01,1
 5.3027E-01,1
 6.3379E-01,1
 7.5391E-01,1
 8.4863E-01,1
 9.1309E-01,1
 9.4238E-01,1
 9.4238E-01,1
 9.2773E-01,1
 9.2090E-01,1
 9.0918E-01,1
 9.0918E-01,1
 9.1016E-01,1
 9.1016E-01,1
 9.1016E-01,1
 9.0625E-01,1
 9.0430E-01,1
 9.0234E-01,1
 8.9941E-01,1
 8.9844E-01,1
 9.0137E-01,1
 9.0625E-01,1
 9.0918E-01,1
 9.0918E-01,1
 9.1211E-01,1
 9.1699E-01,1
 9.1992E-01,1
 9.1992E-01,1
 9.2188E-01,1
 9.2578E-01,1
 9.2383E-01,1
 9.2676E-01,1
 9.2871E-01,1
 9.2773E-01,1
 9.2969E-01,1
 9.3066E-01,1
 9.2773E-01,1
 9.2871E-01,1
 9.3164E-01,1
 9.2871E-01,1
 9.2969E-01,1
 9.3164E-01,1
 9.2969E-01,1
 9.2969E-01,1
 9.3066E-01,1
 9.3066E-01,1
 9.3164E-01,1
 9.3066E-01,1
 9.3457E-01,1
 9.3359E-01,1
 9.3262E-01,1
 9.3359E-01,1
 9.3457E-01,1
 9.3359E-01,1
 9.3262E-01,1
 9.3359E-01,1
 9.3457E-01,1
 9.3164E-01,1
 9.3262E-01,1
 9.3457E-01,1
 9.3262E-01,1
 9.3359E-01,1
 9.3457E-01,1
 9.3262E-01,1
 9.3555E-01,1
 9.3457E-01,1
 9.3457E-01,1
 9.3359E-01,1
 9.3359E-01,1
 9.3164E-01,1
 9.3164E-01,1
 9.3164E-01,1
 9.3262E-01,1
 9.2969E-01,1
 9.3066E-01,1
 9.2773E-01,1
 9.2578E-01,1
 9.2773E-01,1
 9.2871E-01,1
 9.2578E-01,1
 9.2676E-01,1
 9.2578E-01,1
 9.2480E-01,1
 9.2676E-01,1
 9.2383E-01,1
 9.2676E-01,1
 9.2578E-01,1
 9.2578E-01,1
 9.2773E-01,1
 9.2773E-01,1
 9.2871E-01,1
 9.2871E-01,1
 9.2578E-01,1
 9.2871E-01,1
 9.2480E-01,1
 9.2578E-01,1
 9.2871E-01,1
 9.2969E-01,1
 9.2773E-01,1
 9.2676E-01,1
 9.2090E-01,1
 9.1699E-01,1
 9.1406E-01,1
 9.1113E-01,1
 9.1699E-01,1
 9.4629E-01,1
 9.5898E-01,1
 9.4922E-01,1
 9.2578E-01,1
 8.9258E-01,1
 8.6035E-01,1
 8.4863E-01,1
 8.6914E-01,1
 9.1309E-01,1
 9.6094E-01,1
 1.0020E+00,1
 1.0381E+00,1
 1.0625E+00,1
 1.0762E+00,1
 1.0850E+00,1
 1.0938E+00,1
 1.0986E+00,1
 1.0996E+00,1
 1.1074E+00,1
 1.1084E+00,1
 1.1064E+00,1
 1.1113E+00,1
 1.1133E+00,1
 1.1133E+00,1
 1.1143E+00,1
 1.1182E+00,1
 1.1191E+00,1
 1.1191E+00,1
 1.1182E+00,1
 1.1191E+00,1
 1.1211E+00,1
 1.1230E+00,1
 1.1201E+00,1
 1.1221E+00,1
 1.1270E+00,1
 1.1270E+00,1
 1.1250E+00,1
 1.1289E+00,1
 1.1299E+00,1
 1.1279E+00,1
 1.1279E+00,1
 1.1299E+00,1
 1.1309E+00,1
 1.1338E+00,1
 1.1338E+00,1
 1.1318E+00,1
 1.1367E+00,1
 1.1367E+00,1
 1.1348E+00,1
 1.1367E+00,1
 1.1377E+00,1
 1.1367E+00,1
 1.1377E+00,1
 1.1377E+00,1
 1.1406E+00,1
 1.1338E+00,1
 1.1279E+00,1
 1.1191E+00,1
 1.1123E+00,1
 1.1084E+00,1
 1.1064E+00,1
 1.1045E+00,1
 1.1064E+00,1
 1.1035E+00,1
 1.1035E+00,1
 1.1055E+00,1
 1.1064E+00,1
 1.1016E+00,1
 1.0869E+00,1
 1.0850E+00,1
 1.0781E+00,1
 1.0791E+00,1
 1.0762E+00,1
 1.0713E+00,1
 1.0723E+00,1
 1.0713E+00,1
 1.0723E+00,1
 1.0713E+00,1
 1.0713E+00,1
 1.0693E+00,1
 1.0703E+00,1
 1.0713E+00,1
 1.0713E+00,1
 1.0732E+00,1
 1.0742E+00,1
 1.0713E+00,1
 1.0723E+00,1
 1.0732E+00,1
 1.0713E+00,1
 1.0713E+00,1
 1.0732E+00,1
 1.0723E+00,1
 1.0732E+00,1
 1.0771E+00,1
