 1.0977E+00, 1.1064E+00,3,1,1,01-15-18,15:21:05
 1.0986E+00, 1.1025E+00,1
 1.0986E+00, 1.1025E+00,1
 1.0986E+00, 1.1045E+00,1
 1.0986E+00, 1.1035E+00,1
 1.0986E+00, 1.1055E+00,1
 1.0986E+00, 1.1045E+00,1
 1.0967E+00, 1.1035E+00,1
 1.0986E+00, 1.1045E+00,1
 1.0977E+00, 1.1025E+00,1
 1.0977E+00, 1.1035E+00,1
 1.0996E+00, 1.1035E+00,1
 1.0967E+00, 1.1025E+00,1
 1.0986E+00, 1.1016E+00,1
 1.0967E+00, 1.1025E+00,1
 1.0967E+00, 1.1016E+00,1
 1.0967E+00, 1.1035E+00,1
 1.0977E+00, 1.1016E+00,1
 1.0977E+00, 1.1016E+00,1
 1.0967E+00, 1.1025E+00,1
 1.0967E+00, 1.1016E+00,1
 1.0967E+00, 1.1035E+00,1
 1.0967E+00, 1.1016E+00,1
 1.0957E+00, 1.1025E+00,1
 1.0967E+00, 1.1016E+00,1
 1.0957E+00, 1.1016E+00,1
 1.0947E+00, 1.1006E+00,1
 1.0957E+00, 1.1016E+00,1
 1.0957E+00, 1.1006E+00,1
 1.0947E+00, 1.1016E+00,1
 1.0957E+00, 1.1006E+00,1
 1.0938E+00, 1.0996E+00,1
 1.0947E+00, 1.0996E+00,1
 1.0928E+00, 1.0986E+00,1
 1.0947E+00, 1.0996E+00,1
 1.0947E+00, 1.0996E+00,1
 1.0957E+00, 1.0977E+00,1
 1.0938E+00, 1.0996E+00,1
 1.0947E+00, 1.0996E+00,1
 1.0928E+00, 1.0996E+00,1
 1.0928E+00, 1.1006E+00,1
 1.0938E+00, 1.0996E+00,1
 1.0928E+00, 1.0986E+00,1
 1.0918E+00, 1.0996E+00,1
 1.0918E+00, 1.0996E+00,1
 1.0938E+00, 1.0996E+00,1
 1.0938E+00, 1.0996E+00,1
 1.0928E+00, 1.0977E+00,1
 1.0928E+00, 1.0986E+00,1
 1.0918E+00, 1.0977E+00,1
 1.0908E+00, 1.0967E+00,1
 1.0918E+00, 1.0977E+00,1
 1.0918E+00, 1.0957E+00,1
 1.0928E+00, 1.0967E+00,1
 1.0918E+00, 1.0967E+00,1
 1.0908E+00, 1.0977E+00,1
 1.0918E+00, 1.0957E+00,1
 1.0918E+00, 1.0967E+00,1
 1.0918E+00, 1.0977E+00,1
 1.0908E+00, 1.0977E+00,1
 1.0918E+00, 1.0967E+00,1
 1.0918E+00, 1.0957E+00,1
 1.0908E+00, 1.0957E+00,1
 1.0898E+00, 1.0957E+00,1
 1.0889E+00, 1.0957E+00,1
 1.0898E+00, 1.0957E+00,1
 1.0908E+00, 1.0967E+00,1
 1.0889E+00, 1.0957E+00,1
 1.0898E+00, 1.0967E+00,1
 1.0898E+00, 1.0957E+00,1
 1.0908E+00, 1.0957E+00,1
 1.0908E+00, 1.0947E+00,1
 1.0908E+00, 1.0957E+00,1
 1.0918E+00, 1.0947E+00,1
 1.0908E+00, 1.0957E+00,1
 1.0908E+00, 1.0947E+00,1
 1.0908E+00, 1.0938E+00,1
 1.0898E+00, 1.0967E+00,1
 1.0898E+00, 1.0938E+00,1
 1.0898E+00, 1.0957E+00,1
 1.0908E+00, 1.0947E+00,1
 1.0898E+00, 1.0967E+00,1
 1.0908E+00, 1.0947E+00,1
 1.0898E+00, 1.0957E+00,1
 1.0879E+00, 1.0938E+00,1
 1.0889E+00, 1.0957E+00,1
 1.0869E+00, 1.0938E+00,1
 1.0879E+00, 1.0938E+00,1
 1.0879E+00, 1.0938E+00,1
 1.0869E+00, 1.0938E+00,1
 1.0879E+00, 1.0938E+00,1
 1.0879E+00, 1.0938E+00,1
 1.0859E+00, 1.0938E+00,1
 1.0869E+00, 1.0928E+00,1
 1.0869E+00, 1.0938E+00,1
 1.0859E+00, 1.0918E+00,1
 1.0869E+00, 1.0938E+00,1
 1.0869E+00, 1.0938E+00,1
 1.0850E+00, 1.0918E+00,1
 1.0879E+00, 1.0928E+00,1
 1.0859E+00, 1.0908E+00,1
 1.0859E+00, 1.0928E+00,1
 1.0869E+00, 1.0918E+00,1
 1.0859E+00, 1.0918E+00,1
 1.0850E+00, 1.0898E+00,1
 1.0869E+00, 1.0928E+00,1
 1.0869E+00, 1.0908E+00,1
 1.0859E+00, 1.0918E+00,1
 1.0850E+00, 1.0918E+00,1
 1.0850E+00, 1.0898E+00,1
 1.0850E+00, 1.0918E+00,1
 1.0850E+00, 1.0908E+00,1
 1.0859E+00, 1.0938E+00,1
 1.0850E+00, 1.0918E+00,1
 1.0840E+00, 1.0938E+00,1
 1.0859E+00, 1.0918E+00,1
 1.0859E+00, 1.0918E+00,1
 1.0850E+00, 1.0918E+00,1
 1.0840E+00, 1.0918E+00,1
 1.0859E+00, 1.0918E+00,1
 1.0850E+00, 1.0908E+00,1
 1.0850E+00, 1.0928E+00,1
 1.0850E+00, 1.0918E+00,1
 1.0850E+00, 1.0928E+00,1
 1.0850E+00, 1.0918E+00,1
 1.0840E+00, 1.0928E+00,1
 1.0830E+00, 1.0928E+00,1
 1.0830E+00, 1.0908E+00,1
 1.0850E+00, 1.0928E+00,1
 1.0840E+00, 1.0918E+00,1
 1.0850E+00, 1.0947E+00,1
 1.0830E+00, 1.0938E+00,1
 1.0850E+00, 1.0918E+00,1
 1.0850E+00, 1.0928E+00,1
 1.0850E+00, 1.0947E+00,1
 1.0859E+00, 1.0918E+00,1
 1.0840E+00, 1.0918E+00,1
 1.0840E+00, 1.0918E+00,1
 1.0830E+00, 1.0928E+00,1
 1.0840E+00, 1.0908E+00,1
 1.0830E+00, 1.0898E+00,1
 1.0830E+00, 1.0908E+00,1
 1.0840E+00, 1.0898E+00,1
 1.0830E+00, 1.0889E+00,1
 1.0820E+00, 1.0898E+00,1
 1.0830E+00, 1.0889E+00,1
 1.0830E+00, 1.0889E+00,1
 1.0830E+00, 1.0898E+00,1
 1.0840E+00, 1.0908E+00,1
 1.0830E+00, 1.0889E+00,1
 1.0820E+00, 1.0889E+00,1
 1.0830E+00, 1.0889E+00,1
 1.0840E+00, 1.0898E+00,1
 1.0830E+00, 1.0898E+00,1
 1.0830E+00, 1.0918E+00,1
 1.0820E+00, 1.0898E+00,1
 1.0830E+00, 1.0908E+00,1
 1.0830E+00, 1.0898E+00,1
 1.0830E+00, 1.0889E+00,1
 1.0830E+00, 1.0898E+00,1
 1.0830E+00, 1.0898E+00,1
 1.0830E+00, 1.0889E+00,1
 1.0820E+00, 1.0879E+00,1
 1.0820E+00, 1.0889E+00,1
 1.0811E+00, 1.0879E+00,1
 1.0830E+00, 1.0879E+00,1
 1.0830E+00, 1.0889E+00,1
 1.0820E+00, 1.0889E+00,1
 1.0830E+00, 1.0879E+00,1
 1.0820E+00, 1.0879E+00,1
 1.0820E+00, 1.0879E+00,1
 1.0811E+00, 1.0869E+00,1
 1.0820E+00, 1.0879E+00,1
 1.0811E+00, 1.0859E+00,1
 1.0811E+00, 1.0879E+00,1
 1.0811E+00, 1.0859E+00,1
 1.0801E+00, 1.0879E+00,1
 1.0820E+00, 1.0879E+00,1
 1.0820E+00, 1.0869E+00,1
 1.0801E+00, 1.0879E+00,1
 1.0820E+00, 1.0898E+00,1
 1.0811E+00, 1.0889E+00,1
 1.0820E+00, 1.0898E+00,1
 1.0820E+00, 1.0898E+00,1
 1.0820E+00, 1.0889E+00,1
 1.0811E+00, 1.0898E+00,1
 1.0811E+00, 1.0879E+00,1
 1.0811E+00, 1.0889E+00,1
 1.0801E+00, 1.0879E+00,1
 1.0801E+00, 1.0879E+00,1
 1.0801E+00, 1.0879E+00,1
 1.0791E+00, 1.0869E+00,1
 1.0781E+00, 1.0879E+00,1
 1.0771E+00, 1.0879E+00,1
 1.0771E+00, 1.0879E+00,1
 1.0771E+00, 1.0869E+00,1
 1.0771E+00, 1.0889E+00,1
 1.0771E+00, 1.0889E+00,1
 1.0762E+00, 1.0879E+00,1
 1.0752E+00, 1.0889E+00,1
 1.0771E+00, 1.0889E+00,1
 1.0752E+00, 1.0859E+00,1
 1.0762E+00, 1.0859E+00,1
 1.0762E+00, 1.0879E+00,1
 1.0752E+00, 1.0850E+00,1
 1.0752E+00, 1.0859E+00,1
 1.0752E+00, 1.0850E+00,1
 1.0742E+00, 1.0850E+00,3,2,0,01-15-18,15:24:32,"1, 50ul nadh"
 1.0732E+00, 1.0840E+00,1
 1.0732E+00, 1.0850E+00,1
 1.0732E+00, 1.0830E+00,1
 1.0732E+00, 1.0830E+00,3,3,0,01-15-18,15:24:36,"2, 50ul nadh"
 1.0723E+00, 1.0830E+00,1
 1.0732E+00, 1.0820E+00,1
 1.0723E+00, 1.0820E+00,1
 1.0732E+00, 1.0811E+00,1
 1.0723E+00, 1.0820E+00,1
 1.0723E+00, 1.0791E+00,1
 1.0703E+00, 1.0801E+00,1
 1.0703E+00, 1.0801E+00,1
 1.0703E+00, 1.0801E+00,1
 1.0693E+00, 1.0791E+00,1
 1.0703E+00, 1.0801E+00,1
 1.0703E+00, 1.0791E+00,1
 1.0703E+00, 1.0791E+00,1
 1.0684E+00, 1.0791E+00,1
 1.0674E+00, 1.0801E+00,1
 1.0674E+00, 1.0801E+00,1
 1.0674E+00, 1.0781E+00,1
 1.0674E+00, 1.0791E+00,1
 1.0664E+00, 1.0771E+00,1
 1.0654E+00, 1.0771E+00,1
 1.0654E+00, 1.0762E+00,1
 1.0664E+00, 1.0771E+00,1
 1.0664E+00, 1.0762E+00,1
 1.0654E+00, 1.0762E+00,1
 1.0654E+00, 1.0732E+00,1
 1.0635E+00, 1.0742E+00,1
 1.0635E+00, 1.0732E+00,1
 1.0635E+00, 1.0732E+00,1
 1.0635E+00, 1.0723E+00,1
 1.0625E+00, 1.0723E+00,1
 1.0615E+00, 1.0713E+00,1
 1.0615E+00, 1.0723E+00,1
 1.0625E+00, 1.0713E+00,1
 1.0615E+00, 1.0713E+00,1
 1.0625E+00, 1.0703E+00,1
 1.0605E+00, 1.0703E+00,1
 1.0605E+00, 1.0723E+00,1
 1.0615E+00, 1.0703E+00,1
 1.0605E+00, 1.0703E+00,1
 1.0586E+00, 1.0703E+00,1
 1.0596E+00, 1.0693E+00,1
 1.0596E+00, 1.0674E+00,1
 1.0586E+00, 1.0684E+00,1
 1.0586E+00, 1.0684E+00,1
 1.0586E+00, 1.0674E+00,1
 1.0586E+00, 1.0693E+00,1
 1.0566E+00, 1.0674E+00,1
 1.0586E+00, 1.0684E+00,1
 1.0576E+00, 1.0664E+00,1
 1.0566E+00, 1.0693E+00,1
 1.0566E+00, 1.0664E+00,1
 1.0566E+00, 1.0684E+00,1
 1.0566E+00, 1.0674E+00,1
 1.0547E+00, 1.0664E+00,1
 1.0557E+00, 1.0684E+00,1
 1.0547E+00, 1.0664E+00,1
 1.0537E+00, 1.0664E+00,1
 1.0537E+00, 1.0654E+00,1
 1.0537E+00, 1.0645E+00,1
 1.0527E+00, 1.0645E+00,1
 1.0537E+00, 1.0625E+00,1
 1.0537E+00, 1.0635E+00,1
 1.0518E+00, 1.0635E+00,1
 1.0537E+00, 1.0625E+00,1
 1.0527E+00, 1.0615E+00,1
 1.0518E+00, 1.0625E+00,1
 1.0518E+00, 1.0605E+00,1
 1.0527E+00, 1.0615E+00,1
 1.0508E+00, 1.0605E+00,1
 1.0518E+00, 1.0596E+00,1
 1.0518E+00, 1.0596E+00,1
 1.0518E+00, 1.0566E+00,1
 1.0508E+00, 1.0576E+00,1
 1.0508E+00, 1.0586E+00,1
 1.0498E+00, 1.0596E+00,1
 1.0498E+00, 1.0596E+00,1
 1.0518E+00, 1.0596E+00,1
 1.0498E+00, 1.0576E+00,1
 1.0488E+00, 1.0576E+00,1
 1.0479E+00, 1.0576E+00,1
 1.0488E+00, 1.0576E+00,1
 1.0488E+00, 1.0557E+00,1
 1.0479E+00, 1.0566E+00,1
 1.0479E+00, 1.0566E+00,1
 1.0479E+00, 1.0566E+00,1
 1.0469E+00, 1.0547E+00,1
 1.0469E+00, 1.0566E+00,1
 1.0469E+00, 1.0557E+00,1
 1.0459E+00, 1.0566E+00,1
 1.0459E+00, 1.0527E+00,1
 1.0449E+00, 1.0547E+00,1
 1.0439E+00, 1.0527E+00,1
 1.0439E+00, 1.0527E+00,1
 1.0449E+00, 1.0518E+00,1
 1.0430E+00, 1.0508E+00,1
 1.0439E+00, 1.0518E+00,1
 1.0420E+00, 1.0527E+00,1
 1.0420E+00, 1.0508E+00,1
 1.0410E+00, 1.0498E+00,1
 1.0410E+00, 1.0518E+00,1
 1.0410E+00, 1.0508E+00,1
 1.0400E+00, 1.0498E+00,1
 1.0410E+00, 1.0488E+00,1
 1.0391E+00, 1.0498E+00,1
 1.0391E+00, 1.0498E+00,1
 1.0381E+00, 1.0508E+00,1
 1.0391E+00, 1.0498E+00,1
 1.0371E+00, 1.0498E+00,1
 1.0381E+00, 1.0518E+00,1
 1.0371E+00, 1.0508E+00,1
 1.0371E+00, 1.0498E+00,1
 1.0371E+00, 1.0488E+00,1
 1.0371E+00, 1.0508E+00,1
 1.0371E+00, 1.0488E+00,1
 1.0371E+00, 1.0498E+00,1
 1.0361E+00, 1.0498E+00,1
 1.0371E+00, 1.0488E+00,1
 1.0352E+00, 1.0508E+00,1
 1.0361E+00, 1.0498E+00,1
 1.0361E+00, 1.0498E+00,1
 1.0352E+00, 1.0488E+00,1
 1.0361E+00, 1.0488E+00,1
 1.0352E+00, 1.0479E+00,1
 1.0342E+00, 1.0488E+00,1
 1.0361E+00, 1.0479E+00,1
 1.0352E+00, 1.0498E+00,1
 1.0352E+00, 1.0498E+00,1
 1.0361E+00, 1.0518E+00,1
 1.0361E+00, 1.0498E+00,1
 1.0352E+00, 1.0479E+00,1
 1.0342E+00, 1.0488E+00,1
 1.0342E+00, 1.0488E+00,1
 1.0342E+00, 1.0479E+00,1
 1.0352E+00, 1.0488E+00,1
 1.0332E+00, 1.0469E+00,1
 1.0342E+00, 1.0469E+00,1
 1.0342E+00, 1.0469E+00,1
 1.0332E+00, 1.0459E+00,1
 1.0332E+00, 1.0469E+00,1
 1.0322E+00, 1.0439E+00,1
 1.0332E+00, 1.0459E+00,1
 1.0322E+00, 1.0449E+00,1
 1.0322E+00, 1.0439E+00,1
 1.0322E+00, 1.0459E+00,1
 1.0322E+00, 1.0449E+00,1
 1.0322E+00, 1.0459E+00,1
 1.0313E+00, 1.0469E+00,1
 1.0313E+00, 1.0469E+00,1
 1.0322E+00, 1.0439E+00,1
 1.0322E+00, 1.0449E+00,1
 1.0313E+00, 1.0449E+00,1
 1.0303E+00, 1.0449E+00,1
 1.0313E+00, 1.0449E+00,1
 1.0303E+00, 1.0439E+00,1
 1.0293E+00, 1.0449E+00,1
 1.0293E+00, 1.0449E+00,1
 1.0283E+00, 1.0439E+00,1
 1.0293E+00, 1.0439E+00,1
 1.0283E+00, 1.0439E+00,1
 1.0273E+00, 1.0449E+00,1
 1.0273E+00, 1.0449E+00,1
 1.0283E+00, 1.0439E+00,1
 1.0254E+00, 1.0439E+00,1
 1.0264E+00, 1.0449E+00,1
 1.0254E+00, 1.0430E+00,1
 1.0254E+00, 1.0420E+00,1
 1.0244E+00, 1.0420E+00,1
 1.0264E+00, 1.0420E+00,1
 1.0244E+00, 1.0430E+00,1
 1.0254E+00, 1.0430E+00,1
 1.0254E+00, 1.0420E+00,1
 1.0234E+00, 1.0420E+00,1
 1.0254E+00, 1.0430E+00,1
 1.0234E+00, 1.0430E+00,1
 1.0234E+00, 1.0420E+00,1
 1.0225E+00, 1.0410E+00,1
 1.0244E+00, 1.0420E+00,1
 1.0234E+00, 1.0410E+00,1
 1.0225E+00, 1.0410E+00,1
 1.0234E+00, 1.0420E+00,1
 1.0225E+00, 1.0430E+00,1
 1.0215E+00, 1.0430E+00,1
 1.0215E+00, 1.0430E+00,1
 1.0215E+00, 1.0430E+00,1
 1.0215E+00, 1.0420E+00,1
 1.0215E+00, 1.0430E+00,1
 1.0205E+00, 1.0420E+00,1
 1.0205E+00, 1.0391E+00,1
 1.0205E+00, 1.0410E+00,1
 1.0195E+00, 1.0400E+00,1
 1.0205E+00, 1.0400E+00,1
 1.0205E+00, 1.0391E+00,1
 1.0195E+00, 1.0400E+00,1
 1.0195E+00, 1.0400E+00,1
 1.0195E+00, 1.0410E+00,1
 1.0195E+00, 1.0391E+00,1
 1.0205E+00, 1.0400E+00,1
 1.0186E+00, 1.0391E+00,1
 1.0186E+00, 1.0391E+00,1
 1.0166E+00, 1.0381E+00,1
 1.0186E+00, 1.0361E+00,1
 1.0176E+00, 1.0381E+00,1
 1.0166E+00, 1.0381E+00,1
 1.0176E+00, 1.0391E+00,1
 1.0166E+00, 1.0381E+00,1
 1.0166E+00, 1.0400E+00,1
 1.0166E+00, 1.0410E+00,1
 1.0176E+00, 1.0391E+00,1
 1.0156E+00, 1.0391E+00,1
 1.0166E+00, 1.0400E+00,1
 1.0166E+00, 1.0400E+00,1
 1.0156E+00, 1.0381E+00,1
 1.0156E+00, 1.0381E+00,1
 1.0166E+00, 1.0371E+00,1
 1.0146E+00, 1.0381E+00,1
 1.0146E+00, 1.0391E+00,1
 1.0156E+00, 1.0381E+00,1
 1.0156E+00, 1.0361E+00,1
 1.0146E+00, 1.0391E+00,1
 1.0137E+00, 1.0391E+00,1
 1.0146E+00, 1.0371E+00,1
 1.0146E+00, 1.0371E+00,1
 1.0137E+00, 1.0381E+00,1
 1.0146E+00, 1.0381E+00,1
 1.0127E+00, 1.0381E+00,1
 1.0137E+00, 1.0371E+00,1
 1.0127E+00, 1.0381E+00,1
 1.0127E+00, 1.0381E+00,1
 1.0127E+00, 1.0371E+00,1
 1.0137E+00, 1.0352E+00,1
 1.0117E+00, 1.0352E+00,1
 1.0107E+00, 1.0371E+00,1
 1.0127E+00, 1.0361E+00,1
 1.0127E+00, 1.0381E+00,1
 1.0117E+00, 1.0361E+00,1
 1.0107E+00, 1.0381E+00,1
 1.0107E+00, 1.0361E+00,1
 1.0117E+00, 1.0352E+00,1
 1.0117E+00, 1.0352E+00,1
 1.0117E+00, 1.0352E+00,1
 1.0107E+00, 1.0352E+00,1
 1.0107E+00, 1.0352E+00,1
 1.0107E+00, 1.0361E+00,1
 1.0107E+00, 1.0361E+00,1
 1.0098E+00, 1.0342E+00,1
 1.0107E+00, 1.0361E+00,1
 1.0098E+00, 1.0361E+00,1
 1.0088E+00, 1.0371E+00,1
 1.0088E+00, 1.0352E+00,1
 1.0098E+00, 1.0352E+00,1
 1.0098E+00, 1.0361E+00,1
 1.0078E+00, 1.0371E+00,1
 1.0078E+00, 1.0342E+00,1
 1.0078E+00, 1.0352E+00,1
 1.0088E+00, 1.0352E+00,1
 1.0078E+00, 1.0352E+00,1
 1.0078E+00, 1.0352E+00,1
 1.0068E+00, 1.0352E+00,1
 1.0068E+00, 1.0352E+00,1
 1.0068E+00, 1.0342E+00,1
 1.0068E+00, 1.0332E+00,1
 1.0049E+00, 1.0332E+00,1
 1.0078E+00, 1.0322E+00,1
 1.0059E+00, 1.0322E+00,1
 1.0068E+00, 1.0322E+00,1
 1.0068E+00, 1.0322E+00,1
 1.0049E+00, 1.0322E+00,1
 1.0049E+00, 1.0313E+00,1
 1.0049E+00, 1.0332E+00,1
 1.0049E+00, 1.0322E+00,1
 1.0049E+00, 1.0313E+00,1
 1.0049E+00, 1.0322E+00,1
 1.0039E+00, 1.0313E+00,1
 1.0049E+00, 1.0313E+00,1
 1.0049E+00, 1.0313E+00,1
 1.0039E+00, 1.0313E+00,1
 1.0049E+00, 1.0313E+00,1
 1.0039E+00, 1.0322E+00,1
 1.0039E+00, 1.0313E+00,1
 1.0039E+00, 1.0313E+00,1
 1.0039E+00, 1.0313E+00,1
 1.0029E+00, 1.0322E+00,1
 1.0029E+00, 1.0332E+00,1
 1.0020E+00, 1.0322E+00,1
 1.0020E+00, 1.0322E+00,1
 1.0020E+00, 1.0313E+00,1
 1.0029E+00, 1.0303E+00,1
 1.0010E+00, 1.0303E+00,1
 1.0020E+00, 1.0293E+00,1
 1.0020E+00, 1.0313E+00,1
 1.0020E+00, 1.0303E+00,1
 1.0020E+00, 1.0303E+00,1
 1.0020E+00, 1.0293E+00,1
 1.0010E+00, 1.0293E+00,1
 1.0010E+00, 1.0303E+00,1
 1.0000E+00, 1.0293E+00,1
 1.0000E+00, 1.0293E+00,1
 1.0000E+00, 1.0293E+00,1
 1.0010E+00, 1.0283E+00,1
 1.0000E+00, 1.0273E+00,1
 9.9902E-01, 1.0283E+00,1
 9.9902E-01, 1.0273E+00,1
 1.0000E+00, 1.0283E+00,1
 1.0000E+00, 1.0273E+00,1
 9.9902E-01, 1.0293E+00,1
 9.9902E-01, 1.0273E+00,1
 9.9902E-01, 1.0283E+00,1
 9.9902E-01, 1.0303E+00,1
 9.9902E-01, 1.0283E+00,1
 9.9707E-01, 1.0293E+00,1
 9.9707E-01, 1.0283E+00,1
 9.9805E-01, 1.0293E+00,1
 9.9707E-01, 1.0293E+00,1
 9.9805E-01, 1.0293E+00,1
 9.9805E-01, 1.0293E+00,1
 9.9707E-01, 1.0303E+00,1
 9.9707E-01, 1.0293E+00,1
 9.9805E-01, 1.0283E+00,1
 9.9805E-01, 1.0303E+00,1
 9.9707E-01, 1.0293E+00,1
 9.9707E-01, 1.0283E+00,1
 9.9609E-01, 1.0283E+00,1
 9.9609E-01, 1.0273E+00,1
 9.9512E-01, 1.0264E+00,1
 9.9414E-01, 1.0273E+00,1
 9.9414E-01, 1.0254E+00,1
 9.9512E-01, 1.0273E+00,1
 9.9316E-01, 1.0254E+00,1
 9.9512E-01, 1.0264E+00,1
 9.9512E-01, 1.0273E+00,1
 9.9414E-01, 1.0264E+00,1
 9.9414E-01, 1.0254E+00,1
 9.9414E-01, 1.0273E+00,1
 9.9414E-01, 1.0254E+00,1
 9.9414E-01, 1.0264E+00,1
 9.9414E-01, 1.0254E+00,1
 9.9414E-01, 1.0254E+00,1
 9.9512E-01, 1.0264E+00,1
 9.9512E-01, 1.0254E+00,1
 9.9512E-01, 1.0254E+00,1
 9.9512E-01, 1.0273E+00,1
 9.9609E-01, 1.0273E+00,1
 9.9512E-01, 1.0293E+00,1
 9.9512E-01, 1.0283E+00,1
 9.9609E-01, 1.0303E+00,1
 9.9609E-01, 1.0293E+00,1
 9.9512E-01, 1.0293E+00,1
 9.9609E-01, 1.0303E+00,1
 9.9609E-01, 1.0313E+00,1
 9.9609E-01, 1.0283E+00,1
 9.9609E-01, 1.0283E+00,1
 9.9609E-01, 1.0293E+00,1
 9.9512E-01, 1.0293E+00,1
 9.9512E-01, 1.0293E+00,1
 9.9609E-01, 1.0283E+00,1
 9.9512E-01, 1.0283E+00,1
 9.9414E-01, 1.0283E+00,1
 9.9512E-01, 1.0293E+00,1
 9.9512E-01, 1.0273E+00,1
 9.9512E-01, 1.0293E+00,1
 9.9512E-01, 1.0283E+00,1
 9.9414E-01, 1.0293E+00,1
 9.9609E-01, 1.0283E+00,1
 9.9414E-01, 1.0293E+00,1
 9.9512E-01, 1.0283E+00,1
 9.9414E-01, 1.0283E+00,1
 9.9512E-01, 1.0293E+00,1
 9.9219E-01, 1.0283E+00,1
 9.9414E-01, 1.0283E+00,1
 9.9316E-01, 1.0273E+00,1
 9.9414E-01, 1.0293E+00,1
 9.9316E-01, 1.0283E+00,1
 9.9121E-01, 1.0273E+00,1
 9.9219E-01, 1.0273E+00,1
 9.9316E-01, 1.0264E+00,1
 9.9121E-01, 1.0254E+00,1
 9.9023E-01, 1.0244E+00,1
 9.8828E-01, 1.0225E+00,1
 9.8828E-01, 1.0225E+00,1
 9.8730E-01, 1.0215E+00,1
 9.8926E-01, 1.0234E+00,1
 9.8828E-01, 1.0234E+00,1
 9.9023E-01, 1.0215E+00,1
 9.9023E-01, 1.0234E+00,1
 9.9023E-01, 1.0234E+00,1
 9.9023E-01, 1.0215E+00,1
 9.9121E-01, 1.0225E+00,1
 9.9121E-01, 1.0215E+00,1
 9.9023E-01, 1.0215E+00,1
 9.9023E-01, 1.0215E+00,1
 9.9121E-01, 1.0205E+00,1
 9.9023E-01, 1.0195E+00,1
 9.8926E-01, 1.0186E+00,1
 9.9121E-01, 1.0205E+00,1
 9.9023E-01, 1.0195E+00,1
 9.9023E-01, 1.0205E+00,1
 9.8926E-01, 1.0205E+00,1
 9.8926E-01, 1.0205E+00,1
 9.8926E-01, 1.0215E+00,1
 9.9023E-01, 1.0215E+00,1
 9.9023E-01, 1.0205E+00,1
 9.9023E-01, 1.0215E+00,1
 9.9121E-01, 1.0215E+00,1
 9.8828E-01, 1.0176E+00,1
 9.8926E-01, 1.0205E+00,1
 9.8828E-01, 1.0186E+00,1
 9.8926E-01, 1.0186E+00,1
 9.8730E-01, 1.0195E+00,1
 9.8926E-01, 1.0176E+00,1
 9.8828E-01, 1.0186E+00,1
 9.8730E-01, 1.0176E+00,1
 9.8828E-01, 1.0195E+00,1
 9.8828E-01, 1.0176E+00,1
 9.8828E-01, 1.0186E+00,1
 9.8828E-01, 1.0176E+00,1
 9.8828E-01, 1.0186E+00,1
 9.8730E-01, 1.0186E+00,1
 9.8828E-01, 1.0176E+00,1
 9.8828E-01, 1.0186E+00,1
 9.8730E-01, 1.0156E+00,1
 9.8828E-01, 1.0166E+00,1
 9.8730E-01, 1.0146E+00,1
 9.8828E-01, 1.0156E+00,1
 9.8828E-01, 1.0166E+00,1
 9.8926E-01, 1.0156E+00,1
 9.8828E-01, 1.0146E+00,1
 9.8926E-01, 1.0146E+00,1
 9.8730E-01, 1.0127E+00,1
 9.8633E-01, 1.0117E+00,1
 9.8633E-01, 1.0117E+00,1
 9.8535E-01, 1.0088E+00,1
 9.8535E-01, 1.0098E+00,1
 9.8438E-01, 1.0098E+00,1
 9.8535E-01, 1.0078E+00,1
 9.8633E-01, 1.0078E+00,1
 9.8340E-01, 1.0078E+00,1
 9.8535E-01, 1.0078E+00,1
 9.8633E-01, 1.0078E+00,1
 9.8438E-01, 1.0088E+00,1
 9.8535E-01, 1.0078E+00,1
 9.8438E-01, 1.0078E+00,1
 9.8535E-01, 1.0049E+00,1
 9.8535E-01, 1.0039E+00,1
 9.8438E-01, 1.0049E+00,1
 9.8438E-01, 1.0039E+00,1
 9.8242E-01, 1.0039E+00,1
 9.8340E-01, 1.0010E+00,1
 9.8242E-01, 1.0020E+00,1
 9.8145E-01, 1.0010E+00,1
 9.8242E-01, 1.0020E+00,1
 9.8047E-01, 1.0000E+00,1
 9.8047E-01, 1.0000E+00,1
 9.8242E-01, 1.0000E+00,1
 9.8242E-01, 9.9902E-01,1
 9.8047E-01, 9.9805E-01,1
 9.8145E-01, 9.9805E-01,1
 9.8242E-01, 9.9707E-01,1
 9.8145E-01, 9.9609E-01,1
 9.8145E-01, 9.9512E-01,1
 9.8047E-01, 9.9414E-01,1
 9.8145E-01, 9.9316E-01,1
 9.7949E-01, 9.9316E-01,1
 9.8047E-01, 9.9414E-01,1
 9.8145E-01, 9.9316E-01,1
 9.8047E-01, 9.9316E-01,1
 9.8047E-01, 9.9316E-01,1
 9.7949E-01, 9.9219E-01,1
 9.7949E-01, 9.9023E-01,1
 9.7852E-01, 9.8926E-01,1
 9.7852E-01, 9.8926E-01,1
 9.7852E-01, 9.8828E-01,1
 9.7754E-01, 9.8828E-01,1
 9.7754E-01, 9.8730E-01,1
 9.7754E-01, 9.8633E-01,1
 9.7656E-01, 9.8633E-01,1
 9.7656E-01, 9.8535E-01,1
 9.7656E-01, 9.8535E-01,1
 9.7656E-01, 9.8340E-01,1
 9.7656E-01, 9.8438E-01,1
 9.7559E-01, 9.8242E-01,1
 9.7559E-01, 9.8047E-01,1
 9.7363E-01, 9.8145E-01,1
 9.7461E-01, 9.8145E-01,1
 9.7656E-01, 9.8047E-01,1
 9.7559E-01, 9.8145E-01,1
 9.7559E-01, 9.8145E-01,1
 9.7559E-01, 9.7949E-01,1
 9.7559E-01, 9.7949E-01,1
 9.7461E-01, 9.7852E-01,1
 9.7461E-01, 9.7852E-01,1
 9.7559E-01, 9.7754E-01,1
 9.7559E-01, 9.7656E-01,1
 9.7559E-01, 9.7461E-01,1
 9.7559E-01, 9.7559E-01,1
 9.7461E-01, 9.7461E-01,1
 9.7461E-01, 9.7363E-01,1
 9.7461E-01, 9.7461E-01,1
 9.7656E-01, 9.7363E-01,1
 9.7461E-01, 9.7266E-01,1
 9.7559E-01, 9.7266E-01,1
 9.7461E-01, 9.7266E-01,1
 9.7461E-01, 9.7266E-01,1
 9.7363E-01, 9.7168E-01,1
 9.7461E-01, 9.7070E-01,1
 9.7266E-01, 9.6973E-01,1
 9.7363E-01, 9.6973E-01,1
 9.7363E-01, 9.6777E-01,1
 9.7266E-01, 9.6973E-01,1
 9.7168E-01, 9.6777E-01,1
 9.7070E-01, 9.6777E-01,1
 9.7070E-01, 9.6680E-01,1
 9.7266E-01, 9.6680E-01,1
 9.7266E-01, 9.6680E-01,1
 9.7070E-01, 9.6582E-01,1
 9.7266E-01, 9.6680E-01,1
 9.7168E-01, 9.6484E-01,1
 9.7266E-01, 9.6582E-01,1
 9.7168E-01, 9.6387E-01,1
 9.7070E-01, 9.6289E-01,1
 9.7168E-01, 9.6191E-01,1
 9.7070E-01, 9.6289E-01,1
 9.7168E-01, 9.6191E-01,1
 9.7070E-01, 9.6191E-01,1
 9.7070E-01, 9.6094E-01,1
 9.7070E-01, 9.5996E-01,1
 9.6973E-01, 9.6094E-01,1
 9.7070E-01, 9.6094E-01,1
 9.7168E-01, 9.6094E-01,1
 9.7070E-01, 9.6094E-01,1
 9.6973E-01, 9.5898E-01,1
 9.6973E-01, 9.5801E-01,1
 9.6973E-01, 9.5801E-01,1
 9.6973E-01, 9.5898E-01,1
 9.6973E-01, 9.5703E-01,1
 9.6973E-01, 9.5605E-01,1
 9.6875E-01, 9.5410E-01,1
 9.6875E-01, 9.5508E-01,1
 9.6777E-01, 9.5313E-01,1
 9.6875E-01, 9.5410E-01,1
 9.6875E-01, 9.5410E-01,1
 9.6777E-01, 9.5410E-01,1
 9.6680E-01, 9.5313E-01,1
 9.6680E-01, 9.5215E-01,1
 9.6680E-01, 9.5020E-01,1
 9.6777E-01, 9.5020E-01,1
 9.6875E-01, 9.4727E-01,1
 9.6680E-01, 9.4824E-01,1
 9.6680E-01, 9.4922E-01,1
 9.6680E-01, 9.4727E-01,1
 9.6582E-01, 9.4629E-01,1
 9.6777E-01, 9.4629E-01,1
 9.6777E-01, 9.4727E-01,1
 9.6680E-01, 9.4727E-01,1
 9.6680E-01, 9.4629E-01,1
 9.6680E-01, 9.4727E-01,1
 9.6582E-01, 9.4531E-01,1
 9.6484E-01, 9.4434E-01,1
 9.6582E-01, 9.4434E-01,1
 9.6484E-01, 9.4238E-01,1
 9.6680E-01, 9.4434E-01,1
 9.6387E-01, 9.4238E-01,1
 9.6582E-01, 9.4238E-01,1
 9.6582E-01, 9.4336E-01,1
 9.6582E-01, 9.4434E-01,1
 9.6680E-01, 9.4336E-01,1
 9.6582E-01, 9.4434E-01,1
 9.6582E-01, 9.4434E-01,1
 9.6680E-01, 9.4531E-01,1
 9.6680E-01, 9.4434E-01,1
 9.6484E-01, 9.4238E-01,1
 9.6582E-01, 9.4238E-01,1
 9.6484E-01, 9.4141E-01,1
 9.6582E-01, 9.4141E-01,1
 9.6484E-01, 9.4238E-01,1
 9.6484E-01, 9.4043E-01,1
 9.6289E-01, 9.3848E-01,1
 9.6484E-01, 9.3750E-01,1
 9.6484E-01, 9.3652E-01,1
 9.6387E-01, 9.3555E-01,1
 9.6387E-01, 9.3555E-01,1
 9.6387E-01, 9.3457E-01,1
 9.6289E-01, 9.3359E-01,1
 9.6094E-01, 9.3164E-01,1
 9.5996E-01, 9.3066E-01,1
 9.5703E-01, 9.3066E-01,1
 9.5605E-01, 9.2969E-01,1
 9.5508E-01, 9.3066E-01,1
 9.5508E-01, 9.3066E-01,1
 9.5215E-01, 9.3164E-01,1
 9.5313E-01, 9.3262E-01,1
 9.5117E-01, 9.3164E-01,1
 9.5020E-01, 9.2676E-01,1
 9.5020E-01, 9.2676E-01,1
 9.4922E-01, 9.2578E-01,1
 9.4629E-01, 9.2383E-01,1
 9.4727E-01, 9.2383E-01,1
 9.4629E-01, 9.2383E-01,1
 9.4629E-01, 9.2285E-01,1
 9.4629E-01, 9.2285E-01,1
 9.4531E-01, 9.2188E-01,1
 9.4434E-01, 9.2188E-01,1
 9.4238E-01, 9.1992E-01,1
 9.4238E-01, 9.1992E-01,1
 9.4043E-01, 9.1797E-01,1
 9.3945E-01, 9.1797E-01,1
 9.3945E-01, 9.1602E-01,1
 9.4141E-01, 9.1602E-01,1
 9.3945E-01, 9.1504E-01,1
 9.3848E-01, 9.1504E-01,1
 9.3848E-01, 9.1309E-01,1
 9.3750E-01, 9.1211E-01,1
 9.3555E-01, 9.1211E-01,1
 9.3750E-01, 9.1211E-01,1
 9.3750E-01, 9.1113E-01,1
 9.3652E-01, 9.1113E-01,1
 9.3555E-01, 9.1211E-01,1
 9.3555E-01, 9.1113E-01,1
 9.3457E-01, 9.1211E-01,1
 9.3262E-01, 9.1113E-01,1
 9.3066E-01, 9.0918E-01,1
 9.3066E-01, 9.0918E-01,1
 9.2969E-01, 9.0820E-01,1
 9.2969E-01, 9.0820E-01,1
 9.2871E-01, 9.0820E-01,1
 9.2871E-01, 9.0820E-01,1
 9.2871E-01, 9.0820E-01,1
 9.2676E-01, 9.0723E-01,1
 9.2773E-01, 9.0723E-01,1
 9.2676E-01, 9.0527E-01,1
 9.2871E-01, 9.0625E-01,1
 9.2676E-01, 9.0723E-01,1
 9.2676E-01, 9.0625E-01,1
 9.2676E-01, 9.0527E-01,1
 9.2383E-01, 9.0625E-01,1
 9.2285E-01, 9.0527E-01,1
 9.2188E-01, 9.0430E-01,1
 9.2188E-01, 9.0430E-01,1
 9.2090E-01, 9.0234E-01,1
 9.1992E-01, 9.0234E-01,1
 9.1895E-01, 9.0332E-01,1
 9.1895E-01, 9.0234E-01,1
 9.1602E-01, 9.0137E-01,1
 9.1699E-01, 9.0234E-01,1
 9.1504E-01, 9.0332E-01,1
 9.1602E-01, 9.0332E-01,1
 9.1602E-01, 9.0332E-01,1
 9.1504E-01, 9.0137E-01,1
 9.1504E-01, 9.0137E-01,1
 9.1406E-01, 9.0137E-01,1
 9.1504E-01, 9.0039E-01,1
 9.1406E-01, 9.0137E-01,1
 9.1504E-01, 8.9941E-01,1
 9.1309E-01, 9.0039E-01,1
 9.1309E-01, 9.0039E-01,1
 9.1309E-01, 9.0039E-01,1
 9.1211E-01, 9.0137E-01,1
 9.1113E-01, 9.0137E-01,1
 9.1211E-01, 8.9941E-01,1
 9.1016E-01, 9.0039E-01,1
 9.1016E-01, 8.9941E-01,1
 9.0918E-01, 8.9746E-01,1
 9.0820E-01, 8.9844E-01,1
 9.0820E-01, 8.9844E-01,1
 9.0723E-01, 8.9844E-01,1
 9.0625E-01, 8.9746E-01,1
 9.0625E-01, 8.9648E-01,1
 9.0430E-01, 8.9648E-01,1
 9.0527E-01, 8.9551E-01,1
 9.0527E-01, 8.9648E-01,1
 9.0430E-01, 8.9648E-01,1
 9.0332E-01, 8.9648E-01,1
 9.0234E-01, 8.9648E-01,1
 9.0234E-01, 8.9551E-01,1
 9.0234E-01, 8.9551E-01,1
 8.9941E-01, 8.9355E-01,1
 9.0039E-01, 8.9160E-01,1
 8.9941E-01, 8.8965E-01,1
 8.9844E-01, 8.8965E-01,1
 8.9746E-01, 8.8965E-01,1
 8.9844E-01, 8.8965E-01,1
 8.9648E-01, 8.8965E-01,1
 8.9551E-01, 8.9063E-01,1
 8.9648E-01, 8.9063E-01,1
 8.9648E-01, 8.8867E-01,1
 8.9453E-01, 8.8867E-01,1
 8.9453E-01, 8.8867E-01,1
 8.9551E-01, 8.8965E-01,1
 8.9453E-01, 8.8770E-01,1
 8.9355E-01, 8.8867E-01,1
 8.9355E-01, 8.8770E-01,1
 8.9258E-01, 8.8672E-01,1
 8.9258E-01, 8.8770E-01,1
 8.9258E-01, 8.8672E-01,1
 8.9258E-01, 8.8965E-01,1
 8.9160E-01, 8.8672E-01,1
 8.9160E-01, 8.8574E-01,1
 8.8965E-01, 8.8574E-01,1
 8.9063E-01, 8.8477E-01,1
 8.8965E-01, 8.8477E-01,1
 8.8965E-01, 8.8379E-01,1
 8.8867E-01, 8.8379E-01,1
 8.8867E-01, 8.8281E-01,1
 8.8965E-01, 8.8281E-01,1
 8.8867E-01, 8.8379E-01,1
 8.8672E-01, 8.8184E-01,1
 8.8574E-01, 8.8184E-01,1
 8.8672E-01, 8.8281E-01,1
 8.8477E-01, 8.8281E-01,1
 8.8574E-01, 8.8184E-01,1
 8.8477E-01, 8.8086E-01,1
 8.8477E-01, 8.7988E-01,1
 8.8281E-01, 8.8086E-01,1
 8.8281E-01, 8.7988E-01,1
 8.8379E-01, 8.8086E-01,1
 8.8086E-01, 8.7988E-01,1
 8.8184E-01, 8.7891E-01,1
 8.8086E-01, 8.7891E-01,1
 8.8184E-01, 8.7988E-01,1
 8.8281E-01, 8.7988E-01,1
 8.8184E-01, 8.7793E-01,1
 8.8184E-01, 8.7891E-01,1
 8.8086E-01, 8.7891E-01,1
 8.8086E-01, 8.7793E-01,1
 8.8086E-01, 8.7793E-01,1
 8.8086E-01, 8.7598E-01,1
 8.8086E-01, 8.7598E-01,1
 8.7793E-01, 8.7598E-01,1
 8.7988E-01, 8.7793E-01,1
 8.7793E-01, 8.7793E-01,1
 8.7793E-01, 8.7695E-01,1
 8.7793E-01, 8.7695E-01,1
 8.7793E-01, 8.7500E-01,1
 8.7695E-01, 8.7500E-01,1
 8.7598E-01, 8.7305E-01,1
 8.7500E-01, 8.7500E-01,1
 8.7500E-01, 8.7305E-01,1
 8.7500E-01, 8.7207E-01,1
 8.7402E-01, 8.7402E-01,1
 8.7305E-01, 8.7500E-01,1
 8.7402E-01, 8.7305E-01,1
 8.7207E-01, 8.7305E-01,1
 8.7207E-01, 8.7305E-01,1
 8.7305E-01, 8.7109E-01,1
 8.7207E-01, 8.7109E-01,1
 8.7207E-01, 8.7109E-01,1
 8.7109E-01, 8.7012E-01,1
 8.7109E-01, 8.6914E-01,1
 8.7012E-01, 8.6914E-01,1
 8.7109E-01, 8.6914E-01,1
 8.6914E-01, 8.7012E-01,1
 8.6914E-01, 8.6914E-01,1
 8.6914E-01, 8.6914E-01,1
 8.6914E-01, 8.7012E-01,1
 8.6816E-01, 8.6816E-01,1
 8.6914E-01, 8.6914E-01,1
 8.6719E-01, 8.6719E-01,1
 8.6719E-01, 8.6719E-01,1
 8.6621E-01, 8.6523E-01,1
 8.6621E-01, 8.6426E-01,1
 8.6621E-01, 8.6426E-01,1
 8.6523E-01, 8.6328E-01,1
 8.6621E-01, 8.6133E-01,1
 8.6523E-01, 8.6035E-01,1
 8.6523E-01, 8.6133E-01,1
 8.6426E-01, 8.5938E-01,1
 8.6426E-01, 8.5840E-01,1
 8.6426E-01, 8.5938E-01,1
 8.6426E-01, 8.5840E-01,1
 8.6133E-01, 8.5742E-01,1
 8.6133E-01, 8.5742E-01,1
 8.6328E-01, 8.5840E-01,1
 8.6133E-01, 8.5840E-01,1
 8.6230E-01, 8.5840E-01,1
 8.6133E-01, 8.5742E-01,1
 8.6133E-01, 8.5645E-01,1
 8.6133E-01, 8.5645E-01,1
 8.5938E-01, 8.5645E-01,1
 8.6035E-01, 8.5449E-01,1
 8.5938E-01, 8.5547E-01,1
 8.5938E-01, 8.5547E-01,1
 8.5840E-01, 8.5449E-01,1
 8.5840E-01, 8.5254E-01,1
 8.5840E-01, 8.5352E-01,1
