 1.0713E+00,3,1,1,10-17-17,14:06:16
 1.0723E+00,1
 1.0713E+00,1
 1.0723E+00,1
 1.0713E+00,1
 1.0713E+00,1
 1.0742E+00,1
 1.0713E+00,1
 1.0723E+00,1
 1.0713E+00,1
 1.0732E+00,1
 1.0723E+00,1
 1.0723E+00,1
 1.0713E+00,1
 1.0723E+00,1
 1.0723E+00,1
 1.0723E+00,1
 1.0723E+00,1
 1.0723E+00,1
 1.0703E+00,1
 1.0703E+00,1
 1.0693E+00,1
 1.0703E+00,1
 1.0713E+00,1
 1.0723E+00,1
 1.0703E+00,1
 1.0723E+00,1
 1.0713E+00,1
 1.0703E+00,1
 1.0693E+00,1
 1.0713E+00,1
 1.0693E+00,1
 1.0713E+00,1
 1.0723E+00,1
 1.0723E+00,1
 1.0703E+00,1
 1.0713E+00,1
 1.0723E+00,1
 1.0713E+00,1
 1.0703E+00,1
 1.0732E+00,1
 1.0723E+00,1
 1.0723E+00,1
 1.0723E+00,1
 1.0713E+00,1
 1.0703E+00,1
 1.0732E+00,1
 1.0713E+00,1
 1.0723E+00,1
 1.0713E+00,1
 1.0713E+00,1
 1.0723E+00,1
 1.0713E+00,1
 1.0703E+00,1
 1.0713E+00,1
 1.0693E+00,1
 1.0713E+00,1
 1.0703E+00,1
 1.0703E+00,1
 1.0713E+00,1
 1.0703E+00,1
 1.0713E+00,1
 1.0713E+00,1
 1.0723E+00,1
 1.0723E+00,1
 1.0713E+00,1
 1.0723E+00,1
 1.0713E+00,1
 1.0693E+00,1
 1.0703E+00,1
 1.0713E+00,1
 1.0713E+00,1
 1.0703E+00,1
 1.0703E+00,1
 1.0693E+00,1
 1.0703E+00,1
 1.0693E+00,1
 1.0703E+00,1
 1.0693E+00,1
 1.0693E+00,1
 1.0693E+00,1
 1.0713E+00,1
 1.0693E+00,1
 1.0703E+00,1
 1.0693E+00,1
 1.0703E+00,1
 1.0693E+00,1
 1.0713E+00,1
 1.0713E+00,1
 1.0703E+00,1
 1.0703E+00,1
 1.0703E+00,1
 1.0713E+00,1
 1.0693E+00,1
 1.0703E+00,1
 1.0693E+00,1
 1.0684E+00,1
 1.0693E+00,1
 1.0693E+00,1
 1.0684E+00,1
 1.0684E+00,1
 1.0693E+00,1
 1.0684E+00,1
 1.0713E+00,1
 1.0703E+00,1
 1.0703E+00,1
 1.0693E+00,1
 1.0693E+00,1
 1.0693E+00,1
 1.0723E+00,1
 1.0703E+00,1
 1.0723E+00,1
 1.0693E+00,1
 1.0713E+00,1
 1.0693E+00,1
 1.0684E+00,1
 1.0684E+00,1
 1.0693E+00,1
 1.0703E+00,1
 1.0713E+00,1
 1.0703E+00,1
 1.0684E+00,1
 1.0703E+00,1
 1.0693E+00,1
 1.0723E+00,1
 1.0703E+00,1
 1.0684E+00,1
 1.0684E+00,1
 1.0703E+00,1
 1.0703E+00,1
 1.0703E+00,1
 1.0693E+00,1
 1.0703E+00,1
 1.0703E+00,1
 1.0684E+00,1
 1.0684E+00,1
 1.0684E+00,1
 1.0693E+00,1
 1.0684E+00,1
 1.0674E+00,1
 1.0684E+00,1
 1.0684E+00,1
 1.0684E+00,1
 1.0693E+00,1
 1.0684E+00,1
 1.0693E+00,1
 1.0703E+00,1
 1.0684E+00,1
 1.0693E+00,1
 1.0674E+00,1
 1.0732E+00,1
 1.0723E+00,1
 1.0703E+00,1
 1.0693E+00,1
 1.0664E+00,1
 1.0684E+00,1
 1.0674E+00,1
 1.0674E+00,1
 1.0674E+00,1
 1.0654E+00,1
 1.0684E+00,1
 1.0674E+00,1
 1.0693E+00,1
 1.0693E+00,1
 1.0693E+00,1
 1.0684E+00,1
 1.0684E+00,1
 1.0664E+00,1
 1.0664E+00,1
 1.0684E+00,1
 1.0664E+00,1
 1.0684E+00,1
 1.0664E+00,1
 1.0684E+00,1
 1.0674E+00,1
 1.0664E+00,1
 1.0664E+00,1
 1.0674E+00,1
 1.0674E+00,1
 1.0674E+00,1
 1.0674E+00,1
 1.0654E+00,1
 1.0645E+00,1
 1.0635E+00,3,2,0,10-17-17,14:09:19,"Added 50uL succinate"
 1.0654E+00,1
 1.0674E+00,1
 1.0693E+00,1
 1.0713E+00,1
 1.0713E+00,1
 1.0732E+00,1
 1.0703E+00,1
 1.0723E+00,1
 1.0723E+00,1
 1.0723E+00,1
 1.0723E+00,1
 1.0723E+00,1
 1.0732E+00,1
 1.0723E+00,1
 1.0713E+00,1
 1.0713E+00,1
 1.0732E+00,1
 1.0703E+00,1
 1.0693E+00,1
 1.0703E+00,1
 1.0713E+00,1
 1.0732E+00,1
 1.0723E+00,1
 1.0732E+00,1
 1.0693E+00,1
 1.0713E+00,1
 1.0703E+00,1
 1.0703E+00,1
 1.0703E+00,1
 1.0684E+00,1
 1.0703E+00,1
 1.0703E+00,1
 1.0713E+00,1
 1.0703E+00,1
 1.0693E+00,1
 1.0693E+00,1
 1.0684E+00,1
 1.0703E+00,1
 1.0693E+00,1
 1.0723E+00,1
 1.0693E+00,1
 1.0693E+00,1
 1.0703E+00,1
 1.0693E+00,1
 1.0703E+00,1
 1.0674E+00,1
 1.0684E+00,1
 1.0674E+00,1
 1.0684E+00,1
 1.0684E+00,1
 1.0684E+00,1
 1.0684E+00,1
 1.0674E+00,1
 1.0684E+00,1
 1.0684E+00,1
 1.0684E+00,1
 1.0693E+00,1
 1.0693E+00,1
 1.0684E+00,1
 1.0674E+00,1
 1.0654E+00,1
 1.0674E+00,1
 1.0684E+00,1
 1.0684E+00,1
 1.0674E+00,1
 1.0664E+00,1
 1.0664E+00,1
 1.0684E+00,1
 1.0664E+00,1
 1.0664E+00,1
 1.0664E+00,1
 1.0654E+00,1
 1.0654E+00,1
 1.0674E+00,1
 1.0654E+00,1
 1.0635E+00,1
 1.0635E+00,1
 1.0645E+00,1
 1.0674E+00,1
 1.0625E+00,1
 1.0635E+00,1
 1.0654E+00,1
 1.0645E+00,1
 1.0664E+00,1
 1.0654E+00,1
 1.0654E+00,1
 1.0635E+00,1
 1.0664E+00,1
 1.0674E+00,1
 1.0645E+00,1
 1.0654E+00,1
 1.0654E+00,1
 1.0645E+00,1
 1.0645E+00,1
 1.0654E+00,1
 1.0664E+00,1
 1.0645E+00,1
 1.0664E+00,1
 1.0654E+00,1
 1.0645E+00,1
 1.0664E+00,1
 1.0645E+00,1
 1.0664E+00,1
 1.0645E+00,1
 1.0654E+00,1
 1.0635E+00,1
 1.0645E+00,1
 1.0654E+00,1
 1.0654E+00,1
 1.0664E+00,1
 1.0625E+00,1
 1.0645E+00,1
 1.0645E+00,1
 1.0674E+00,1
 1.0654E+00,1
 1.0645E+00,1
 1.0645E+00,1
 1.0635E+00,1
 1.0664E+00,1
 1.0645E+00,1
 1.0645E+00,1
 1.0625E+00,1
 1.0625E+00,1
 1.0625E+00,1
 1.0635E+00,1
 1.0645E+00,1
 1.0635E+00,1
 1.0635E+00,1
 1.0625E+00,1
 1.0635E+00,1
 1.0645E+00,1
 1.0625E+00,1
 1.0635E+00,1
 1.0615E+00,1
 1.0615E+00,1
 1.0615E+00,1
 1.0625E+00,1
 1.0625E+00,1
 1.0615E+00,1
 1.0615E+00,1
 1.0605E+00,1
 1.0625E+00,1
 1.0605E+00,1
 1.0605E+00,1
 1.0615E+00,1
 1.0615E+00,1
 1.0605E+00,1
 1.0605E+00,1
 1.0615E+00,1
 1.0615E+00,1
 1.0586E+00,1
 1.0586E+00,1
 1.0586E+00,1
 1.0596E+00,1
 1.0586E+00,1
 1.0596E+00,1
 1.0605E+00,1
 1.0596E+00,1
 1.0586E+00,1
 1.0576E+00,1
 1.0596E+00,1
 1.0605E+00,1
 1.0586E+00,1
 1.0596E+00,1
 1.0586E+00,1
 1.0596E+00,1
 1.0586E+00,1
 1.0566E+00,1
 1.0576E+00,1
 1.0596E+00,1
 1.0576E+00,1
 1.0566E+00,1
 1.0605E+00,1
 1.0576E+00,1
 1.0566E+00,1
 1.0566E+00,1
 1.0566E+00,1
 1.0586E+00,1
 1.0557E+00,1
 1.0547E+00,1
 1.0557E+00,1
 1.0566E+00,1
 1.0596E+00,1
 1.0557E+00,1
 1.0557E+00,1
 1.0547E+00,1
 1.0557E+00,1
 1.0576E+00,1
 1.0566E+00,1
 1.0576E+00,1
 1.0547E+00,1
 1.0566E+00,1
 1.0547E+00,1
 1.0576E+00,1
 1.0557E+00,1
 1.0537E+00,1
 1.0557E+00,1
 1.0547E+00,1
 1.0566E+00,1
 1.0547E+00,1
 1.0557E+00,1
 1.0547E+00,1
 1.0537E+00,1
 1.0547E+00,1
 1.0557E+00,1
 1.0557E+00,1
 1.0527E+00,1
 1.0537E+00,1
 1.0527E+00,1
 1.0566E+00,1
 1.0547E+00,1
 1.0537E+00,1
 1.0547E+00,1
 1.0518E+00,1
 1.0547E+00,1
 1.0527E+00,1
 1.0527E+00,1
 1.0518E+00,1
 1.0527E+00,1
 1.0527E+00,1
 1.0537E+00,1
 1.0527E+00,1
 1.0508E+00,1
 1.0508E+00,1
 1.0518E+00,1
 1.0518E+00,1
 1.0547E+00,1
 1.0527E+00,1
 1.0527E+00,1
 1.0508E+00,1
 1.0527E+00,1
 1.0518E+00,1
 1.0527E+00,1
 1.0498E+00,1
 1.0527E+00,1
 1.0508E+00,1
 1.0508E+00,1
 1.0508E+00,1
 1.0488E+00,1
 1.0488E+00,1
 1.0479E+00,1
 1.0508E+00,1
 1.0508E+00,1
 1.0537E+00,1
 1.0498E+00,1
 1.0508E+00,1
 1.0488E+00,1
 1.0488E+00,1
 1.0488E+00,1
 1.0508E+00,1
 1.0498E+00,1
 1.0508E+00,1
 1.0498E+00,1
 1.0488E+00,1
 1.0508E+00,1
 1.0479E+00,1
 1.0479E+00,1
 1.0459E+00,1
 1.0479E+00,1
 1.0498E+00,1
 1.0488E+00,1
 1.0498E+00,1
 1.0498E+00,1
 1.0488E+00,1
 1.0479E+00,1
 1.0479E+00,1
 1.0488E+00,1
 1.0479E+00,1
 1.0479E+00,1
 1.0469E+00,1
 1.0469E+00,1
 1.0479E+00,1
 1.0459E+00,1
 1.0479E+00,1
 1.0479E+00,1
 1.0479E+00,1
 1.0479E+00,1
 1.0469E+00,1
 1.0479E+00,1
 1.0469E+00,1
 1.0459E+00,1
 1.0469E+00,1
 1.0459E+00,1
 1.0449E+00,1
 1.0449E+00,1
 1.0459E+00,1
 1.0459E+00,1
 1.0488E+00,1
 1.0488E+00,1
 1.0469E+00,1
 1.0449E+00,1
 1.0449E+00,1
 1.0479E+00,1
 1.0459E+00,1
 1.0479E+00,1
 1.0449E+00,1
 1.0469E+00,1
 1.0430E+00,1
 1.0459E+00,1
 1.0449E+00,1
 1.0439E+00,1
 1.0459E+00,1
 1.0430E+00,1
 1.0469E+00,1
 1.0439E+00,1
 1.0479E+00,1
 1.0439E+00,1
 1.0449E+00,1
 1.0430E+00,1
 1.0459E+00,1
 1.0449E+00,1
 1.0449E+00,1
 1.0439E+00,1
 1.0430E+00,1
 1.0449E+00,1
 1.0430E+00,1
 1.0449E+00,1
 1.0420E+00,1
 1.0420E+00,1
 1.0439E+00,1
 1.0439E+00,1
 1.0410E+00,1
 1.0410E+00,1
 1.0303E+00,1
 1.0137E+00,1
 9.9316E-01,1
 9.7656E-01,1
 9.6680E-01,1
 9.6094E-01,1
 9.6094E-01,1
 9.6094E-01,1
 9.6289E-01,1
 9.6289E-01,1
 9.6387E-01,1
 9.6191E-01,1
 9.6582E-01,1
 9.6582E-01,1
 9.6582E-01,1
 9.6582E-01,1
 9.6777E-01,1
 9.6875E-01,1
 9.6777E-01,1
 9.6875E-01,1
 9.6875E-01,1
 9.6875E-01,1
 9.6875E-01,1
 9.6875E-01,1
 9.6875E-01,1
 9.6875E-01,1
 9.7070E-01,1
 9.7559E-01,1
 9.8340E-01,1
 9.8633E-01,1
 9.8828E-01,1
 9.8730E-01,1
 9.8047E-01,1
 9.7656E-01,1
 9.6875E-01,1
 9.6777E-01,1
 9.6387E-01,1
 9.6484E-01,1
 9.6387E-01,1
 9.6387E-01,1
 9.6387E-01,1
 9.5313E-01,1
 9.3262E-01,1
 9.0430E-01,1
 8.9746E-01,1
 9.1699E-01,1
 9.5117E-01,1
 9.7949E-01,1
 9.9707E-01,1
 1.0107E+00,1
 1.0156E+00,1
 1.0195E+00,1
 1.0225E+00,1
 1.0234E+00,1
 1.0254E+00,1
 1.0254E+00,1
 1.0254E+00,1
 1.0273E+00,1
 1.0273E+00,1
 1.0283E+00,1
 1.0254E+00,1
 1.0254E+00,1
 1.0244E+00,1
 1.0283E+00,1
 1.0273E+00,1
 1.0303E+00,1
 1.0273E+00,1
 1.0264E+00,1
 1.0264E+00,1
 1.0273E+00,1
 1.0293E+00,1
 1.0293E+00,1
 1.0283E+00,1
 1.0264E+00,1
 1.0283E+00,1
 1.0283E+00,1
 1.0293E+00,1
 1.0293E+00,1
 1.0283E+00,1
 1.0273E+00,1
 1.0283E+00,1
 1.0293E+00,1
 1.0303E+00,1
 1.0293E+00,1
 1.0283E+00,1
 1.0273E+00,1
 1.0254E+00,1
 1.0293E+00,1
 1.0293E+00,1
 1.0303E+00,1
 1.0283E+00,1
 1.0273E+00,1
 1.0273E+00,1
 1.0283E+00,1
 1.0303E+00,1
 1.0293E+00,1
 1.0283E+00,1
 1.0264E+00,1
 1.0283E+00,1
 1.0273E+00,1
 1.0293E+00,1
 1.0264E+00,1
 1.0264E+00,1
 1.0254E+00,1
 1.0283E+00,1
 1.0283E+00,1
 1.0283E+00,1
 1.0283E+00,1
 1.0283E+00,1
 1.0254E+00,1
 1.0254E+00,1
 1.0254E+00,1
 1.0215E+00,1
 1.0225E+00,1
 1.0225E+00,1
 1.0264E+00,1
 1.0264E+00,1
 1.0273E+00,1
 1.0264E+00,1
 1.0273E+00,1
 1.0283E+00,1
 1.0283E+00,1
 1.0283E+00,1
 1.0283E+00,1
 1.0283E+00,1
 1.0273E+00,1
 1.0273E+00,1
 1.0283E+00,1
 1.0254E+00,1
 1.0293E+00,1
 1.0273E+00,1
 1.0273E+00,1
 1.0273E+00,1
 1.0254E+00,1
 1.0273E+00,1
 1.0264E+00,1
 1.0264E+00,1
 1.0273E+00,1
 1.0273E+00,1
 1.0244E+00,1
 1.0283E+00,1
 1.0273E+00,1
 1.0273E+00,1
 1.0264E+00,1
 1.0283E+00,1
 1.0273E+00,1
 1.0264E+00,1
 1.0254E+00,1
 1.0273E+00,1
 1.0283E+00,1
 1.0273E+00,1
 1.0254E+00,1
 1.0244E+00,1
 1.0254E+00,1
 1.0264E+00,1
 1.0273E+00,1
 1.0273E+00,1
 1.0264E+00,1
 1.0254E+00,1
 1.0273E+00,1
 1.0273E+00,1
 1.0264E+00,1
 1.0273E+00,1
 1.0273E+00,1
 1.0254E+00,1
 1.0273E+00,1
 1.0254E+00,1
 1.0264E+00,1
 1.0254E+00,1
 1.0264E+00,1
 1.0264E+00,1
 1.0273E+00,1
 1.0264E+00,1
 1.0273E+00,1
 1.0273E+00,1
 1.0283E+00,1
 1.0264E+00,1
 1.0264E+00,1
 1.0273E+00,1
 1.0273E+00,1
 1.0264E+00,1
 1.0264E+00,1
 1.0264E+00,1
 1.0254E+00,1
 1.0264E+00,1
 1.0254E+00,1
 1.0264E+00,1
 1.0264E+00,1
 1.0264E+00,1
 1.0244E+00,1
 1.0254E+00,1
 1.0244E+00,1
 1.0244E+00,1
 1.0254E+00,1
 1.0225E+00,1
 1.0254E+00,1
 1.0244E+00,1
 1.0244E+00,1
 1.0244E+00,1
 1.0244E+00,1
 1.0244E+00,1
 1.0254E+00,1
 1.0254E+00,1
 1.0244E+00,1
 1.0244E+00,1
 1.0244E+00,1
 1.0244E+00,1
 1.0254E+00,1
 1.0254E+00,1
 1.0254E+00,1
 1.0225E+00,1
 1.0264E+00,1
 1.0234E+00,1
 1.0254E+00,1
 1.0254E+00,1
 1.0254E+00,1
 1.0244E+00,1
 1.0225E+00,1
 1.0264E+00,1
 1.0254E+00,1
 1.0273E+00,1
 1.0225E+00,1
 1.0244E+00,1
 1.0244E+00,1
 1.0244E+00,1
 1.0244E+00,1
 1.0293E+00,1
 1.0273E+00,1
 1.0225E+00,1
 1.0205E+00,1
 1.0088E+00,1
 9.9316E-01,1
 9.6582E-01,1
 9.4434E-01,1
 9.2969E-01,1
 9.1992E-01,1
 9.1504E-01,1
 9.0527E-01,1
 8.9648E-01,1
 8.8770E-01,1
 8.8281E-01,1
 8.8574E-01,1
 8.9160E-01,1
 8.9941E-01,1
 9.0723E-01,1
 9.1016E-01,1
 9.1309E-01,1
 9.1406E-01,1
 9.1211E-01,1
 9.1016E-01,1
 9.1113E-01,1
 9.1113E-01,1
 9.1016E-01,1
 9.1113E-01,1
 9.0820E-01,1
 9.0918E-01,1
 9.1016E-01,1
 9.1406E-01,1
 9.1504E-01,1
 9.2090E-01,1
 9.2285E-01,1
 9.2578E-01,1
 9.2383E-01,1
 9.1699E-01,1
 9.1211E-01,1
 9.0625E-01,1
 9.0039E-01,1
 8.9258E-01,1
 8.8867E-01,1
 8.8184E-01,1
 8.7500E-01,1
 8.6426E-01,1
 8.4570E-01,1
 8.0469E-01,1
 7.5391E-01,1
 7.3828E-01,1
 7.5391E-01,1
 7.6758E-01,1
 7.7539E-01,1
 7.6855E-01,1
 7.5488E-01,1
 7.3926E-01,1
 7.2656E-01,1
 7.1289E-01,1
 7.0313E-01,1
 6.9238E-01,1
 6.8359E-01,1
 6.7871E-01,1
 6.7676E-01,1
 6.6504E-01,1
 6.6309E-01,1
 6.7383E-01,1
 6.8359E-01,1
 6.9434E-01,1
 6.9727E-01,1
 7.0117E-01,1
 6.9629E-01,1
 6.8848E-01,1
 6.8164E-01,1
 6.6895E-01,1
 6.6211E-01,1
 6.5527E-01,1
 6.5430E-01,1
 6.4746E-01,1
 6.4453E-01,1
 6.3281E-01,1
 6.3379E-01,1
 6.4844E-01,1
 6.6406E-01,1
 6.7383E-01,1
 6.7383E-01,1
 6.7285E-01,1
 6.6699E-01,1
 6.6309E-01,1
 6.5234E-01,1
 6.4453E-01,1
 6.3672E-01,1
 6.3086E-01,1
 6.2793E-01,1
 6.2207E-01,1
 6.2012E-01,1
 6.1328E-01,1
 6.1133E-01,1
 6.1035E-01,1
 6.1035E-01,1
 6.0938E-01,1
 6.0547E-01,1
 6.0547E-01,1
 6.0059E-01,1
 6.0059E-01,1
 6.0059E-01,1
 5.9961E-01,1
 5.9961E-01,1
 5.9668E-01,1
 5.9570E-01,1
 5.9473E-01,1
 5.9473E-01,1
 5.9375E-01,1
 5.9180E-01,1
 5.9180E-01,1
 5.8984E-01,1
 5.8887E-01,1
 5.8691E-01,1
 5.8691E-01,1
 5.8496E-01,1
 5.8398E-01,1
 5.8496E-01,1
 5.8301E-01,1
 5.8301E-01,1
 5.8008E-01,1
 5.8008E-01,1
 5.7910E-01,1
 5.8105E-01,1
 5.8008E-01,1
 5.7813E-01,1
 5.7813E-01,1
 5.7520E-01,1
 5.7617E-01,1
 5.7715E-01,1
 5.7422E-01,1
 5.7520E-01,1
 5.7324E-01,1
 5.7227E-01,1
 5.7227E-01,1
 5.7031E-01,1
 5.6934E-01,1
 5.6738E-01,1
 5.6543E-01,1
 5.6738E-01,1
 5.6641E-01,1
 5.6543E-01,1
 5.6445E-01,1
 5.6152E-01,1
 5.6055E-01,1
 5.6055E-01,1
 5.6250E-01,1
 5.6055E-01,1
 5.5859E-01,1
 5.5664E-01,1
 5.5469E-01,1
 5.5566E-01,1
 5.5469E-01,1
 5.5371E-01,1
 5.5176E-01,1
 5.5176E-01,1
 5.4980E-01,1
 5.4980E-01,1
 5.5078E-01,1
 5.4883E-01,1
 5.4883E-01,1
 5.4785E-01,1
 5.4785E-01,1
 5.4688E-01,1
 5.4492E-01,1
 5.4395E-01,1
 5.4492E-01,1
 5.4297E-01,1
 5.4102E-01,1
 5.4102E-01,1
 5.4004E-01,1
 5.3809E-01,1
 5.3809E-01,1
 5.3516E-01,1
 5.3711E-01,1
 5.3418E-01,1
 5.3516E-01,1
 5.3711E-01,1
 5.3320E-01,1
 5.3320E-01,1
 5.3125E-01,1
 5.3027E-01,1
 5.3125E-01,1
 5.2832E-01,1
 5.2930E-01,1
 5.2832E-01,1
 5.2734E-01,1
 5.2637E-01,1
 5.2441E-01,1
 5.2539E-01,1
 5.2344E-01,1
 5.2246E-01,1
 5.2246E-01,1
 5.2441E-01,1
 5.2148E-01,1
 5.1953E-01,1
 5.2051E-01,1
 5.1953E-01,1
 5.1953E-01,1
 5.1953E-01,1
 5.2148E-01,1
 5.2051E-01,1
 5.1953E-01,1
 5.2051E-01,1
 5.1563E-01,1
 5.1953E-01,1
 5.1660E-01,1
 5.1953E-01,1
 5.1758E-01,1
 5.1758E-01,1
 5.1563E-01,1
 5.1367E-01,1
 5.2148E-01,1
 5.4199E-01,1
 5.7910E-01,1
 6.0938E-01,1
 6.3770E-01,1
 6.6016E-01,1
 6.7773E-01,1
 6.9434E-01,1
 7.0605E-01,1
 7.1387E-01,1
 7.2168E-01,1
 7.2754E-01,1
 7.3145E-01,1
 7.3535E-01,1
 7.3730E-01,1
 7.3730E-01,1
 7.3828E-01,1
 7.3926E-01,1
 7.4023E-01,1
 7.4023E-01,1
 7.4023E-01,1
 7.4121E-01,1
 7.4316E-01,1
 7.4316E-01,1
 7.4316E-01,1
 7.4414E-01,1
 7.4219E-01,1
 7.4316E-01,1
 7.4219E-01,1
 7.4316E-01,1
 7.4414E-01,1
 7.4512E-01,1
 7.4609E-01,1
 7.4414E-01,1
 7.4512E-01,1
 7.4609E-01,1
 7.4512E-01,1
 7.4414E-01,1
 7.4512E-01,1
 7.4707E-01,1
 7.4414E-01,1
 7.4512E-01,1
 7.4414E-01,1
 7.4512E-01,1
 7.4512E-01,1
 7.4609E-01,1
 7.4414E-01,1
 7.4414E-01,1
 7.4414E-01,1
 7.4707E-01,1
 7.4609E-01,1
 7.4512E-01,1
 7.4707E-01,1
 7.4219E-01,1
 7.4512E-01,1
 7.4414E-01,1
 7.4512E-01,1
 7.4609E-01,1
 7.4512E-01,1
 7.4512E-01,1
 7.4609E-01,1
 7.4414E-01,1
 7.4512E-01,1
 7.4512E-01,1
 7.4512E-01,1
 7.4414E-01,1
 7.4512E-01,1
 1.0713E+00,3,3,1,10-17-17,14:28:15
 1.0713E+00,1
 1.0723E+00,1
 1.0703E+00,1
 1.0723E+00,1
 1.0713E+00,1
 1.0703E+00,1
