 1.0713E+00,3,1,1,10-10-17,18:28:31
 1.0723E+00,1
 1.0732E+00,1
 1.0723E+00,1
 1.0713E+00,1
 1.0713E+00,1
 1.0732E+00,1
 1.0752E+00,1
 1.0742E+00,1
 1.0752E+00,1
 1.0752E+00,1
 1.0752E+00,1
 1.0752E+00,1
 1.0732E+00,1
 1.0723E+00,1
 1.0723E+00,1
 1.0723E+00,1
 1.0732E+00,1
 1.0732E+00,1
 1.0723E+00,1
 1.0742E+00,1
 1.0742E+00,1
 1.0752E+00,1
 1.0742E+00,1
 1.0752E+00,1
 1.0732E+00,1
 1.0742E+00,1
 1.0742E+00,1
 1.0762E+00,1
 1.0771E+00,1
 1.0781E+00,1
 1.0771E+00,1
 1.0762E+00,1
 1.0752E+00,1
 1.0752E+00,1
 1.0752E+00,1
 1.0742E+00,1
 1.0732E+00,1
 1.0732E+00,1
 1.0742E+00,1
 1.0781E+00,1
 1.0771E+00,1
 1.0762E+00,1
 1.0762E+00,1
 1.0771E+00,1
 1.0771E+00,1
 1.0762E+00,1
 1.0771E+00,1
 1.0752E+00,1
 1.0762E+00,1
 1.0781E+00,1
 1.0771E+00,1
 1.0762E+00,1
 1.0762E+00,1
 1.0762E+00,1
 1.0771E+00,1
 1.0771E+00,1
 1.0762E+00,1
 1.0771E+00,1
 1.0752E+00,1
 1.0752E+00,1
 1.0752E+00,1
 1.0762E+00,1
 1.0781E+00,1
 1.0742E+00,1
 1.0752E+00,1
 1.0762E+00,1
 1.0752E+00,1
 1.0762E+00,1
 1.0762E+00,1
 1.0762E+00,1
 1.0781E+00,1
 1.0781E+00,1
 1.0781E+00,1
 1.0781E+00,1
 1.0781E+00,1
 1.0791E+00,1
 1.0791E+00,1
 1.0781E+00,1
 1.0762E+00,1
 1.0771E+00,1
 1.0781E+00,1
 1.0771E+00,1
 1.0762E+00,1
 1.0771E+00,1
 1.0781E+00,1
 1.0801E+00,1
 1.0791E+00,1
 1.0781E+00,1
 1.0771E+00,1
 1.0781E+00,1
 1.0781E+00,1
 1.0771E+00,1
 1.0771E+00,1
 1.0781E+00,1
 1.0801E+00,1
 1.0781E+00,1
 1.0771E+00,1
 1.0771E+00,1
 1.0781E+00,1
 1.0801E+00,1
 1.0801E+00,1
 1.0801E+00,1
 1.0791E+00,1
 1.0791E+00,1
 1.0781E+00,1
 1.0781E+00,1
 1.0781E+00,1
 1.0781E+00,1
 1.0781E+00,1
 1.0781E+00,1
 1.0791E+00,1
 1.0791E+00,1
 1.0801E+00,1
 1.0801E+00,1
 1.0791E+00,1
 1.0830E+00,1
 1.0801E+00,1
 1.0801E+00,1
 1.0791E+00,1
 1.0781E+00,1
 1.0791E+00,1
 1.0801E+00,1
 1.0820E+00,1
 1.0801E+00,1
 1.0791E+00,1
 1.0781E+00,1
 1.0791E+00,1
 1.0791E+00,1
 1.0762E+00,1
 1.0781E+00,1
 1.0801E+00,1
 1.0771E+00,1
 1.0732E+00,1
 1.0762E+00,3,2,0,10-10-17,18:30:45,"50um nadh"
 1.0771E+00,1
 1.0752E+00,1
 1.0732E+00,1
 1.0723E+00,1
 1.0752E+00,1
 1.0732E+00,1
 1.0693E+00,1
 1.0664E+00,1
 1.0654E+00,1
 1.0625E+00,1
 1.0615E+00,1
 1.0596E+00,1
 1.0615E+00,1
 1.0586E+00,1
 1.0576E+00,1
 1.0547E+00,1
 1.0498E+00,1
 1.0479E+00,1
 1.0449E+00,1
 1.0439E+00,1
 1.0410E+00,1
 1.0391E+00,1
 1.0391E+00,1
 1.0361E+00,1
 1.0322E+00,1
 1.0293E+00,1
 1.0264E+00,1
 1.0234E+00,1
 1.0205E+00,1
 1.0166E+00,1
 1.0156E+00,1
 1.0156E+00,1
 1.0146E+00,1
 1.0107E+00,1
 1.0068E+00,1
 1.0049E+00,1
 1.0020E+00,1
 9.9902E-01,1
 9.9512E-01,1
 9.9219E-01,1
 9.9023E-01,1
 9.8828E-01,1
 9.8535E-01,1
 9.8340E-01,1
 9.8242E-01,1
 9.8145E-01,1
 9.7852E-01,1
 9.7559E-01,1
 9.7363E-01,1
 9.7168E-01,1
 9.6680E-01,1
 9.6387E-01,1
 9.6191E-01,1
 9.6094E-01,1
 9.5703E-01,1
 9.5410E-01,1
 9.5215E-01,1
 9.4922E-01,1
 9.4629E-01,1
 9.4434E-01,1
 9.4141E-01,1
 9.4141E-01,1
 9.3945E-01,1
 9.3555E-01,1
 9.3164E-01,1
 9.2871E-01,1
 9.2676E-01,1
 9.2383E-01,1
 9.2285E-01,1
 9.2090E-01,1
 9.1797E-01,1
 9.1504E-01,1
 9.1211E-01,1
 9.0723E-01,1
 9.0625E-01,1
 9.0332E-01,1
 9.0137E-01,1
 8.9844E-01,1
 8.9551E-01,1
 8.9160E-01,1
 8.9063E-01,1
 8.8770E-01,1
 8.8477E-01,1
 8.8281E-01,1
 8.8184E-01,1
 8.7891E-01,1
 8.7695E-01,1
 8.7207E-01,1
 8.6914E-01,1
 8.6719E-01,1
 8.6328E-01,1
 8.6035E-01,1
 8.5742E-01,1
 8.5742E-01,1
 8.5547E-01,1
 8.5254E-01,1
 8.4961E-01,1
 8.4668E-01,1
 8.4473E-01,1
 8.4180E-01,1
 8.3984E-01,1
 8.3691E-01,1
 8.3496E-01,1
 8.3203E-01,1
 8.3008E-01,1
 8.2715E-01,1
 8.2422E-01,1
 8.2129E-01,1
 8.2031E-01,1
 8.1934E-01,1
 8.1641E-01,1
 8.1250E-01,1
 8.1055E-01,1
 8.0859E-01,1
 8.0566E-01,1
 8.0176E-01,1
 7.9785E-01,1
 7.9395E-01,1
 7.9102E-01,1
 7.9004E-01,1
 7.8711E-01,1
 7.8320E-01,1
 7.7930E-01,1
 7.7734E-01,1
 7.7344E-01,1
 7.7051E-01,1
 7.6660E-01,1
 7.6563E-01,1
 7.6270E-01,1
 7.5977E-01,1
 7.5781E-01,1
 7.5586E-01,1
 7.5488E-01,1
 7.5195E-01,1
 7.5000E-01,1
 7.4512E-01,1
 7.4121E-01,1
 7.3926E-01,1
 7.3926E-01,3,3,0,10-10-17,18:33:04,"50um malonate"
 7.3633E-01,1
 7.3633E-01,1
 7.3438E-01,1
 7.3340E-01,1
 7.3047E-01,1
 7.2852E-01,1
 7.2656E-01,1
 7.2559E-01,1
 7.2363E-01,1
 7.1973E-01,1
 7.1875E-01,1
 7.1875E-01,1
 7.1484E-01,1
 7.1094E-01,1
 7.0996E-01,1
 7.0898E-01,1
 7.0703E-01,1
 7.0410E-01,1
 7.0215E-01,1
 7.0117E-01,1
 7.0020E-01,1
 6.9727E-01,1
 6.9629E-01,1
 6.9141E-01,1
 6.9043E-01,1
 6.8945E-01,1
 6.8848E-01,1
 6.8555E-01,1
 6.8262E-01,1
 6.8164E-01,1
 6.8066E-01,1
 6.7871E-01,1
 6.7383E-01,1
 6.7090E-01,1
 6.7090E-01,1
 6.6992E-01,1
 6.6602E-01,1
 6.6309E-01,1
 6.6016E-01,1
 6.5918E-01,1
 6.5625E-01,1
 6.5332E-01,1
 6.5332E-01,1
 6.5137E-01,1
 6.5234E-01,1
 6.4844E-01,1
 6.4648E-01,1
 6.4355E-01,1
 6.3965E-01,1
 6.3770E-01,1
 6.3574E-01,1
 6.3379E-01,1
 6.3184E-01,1
 6.2891E-01,1
 6.2695E-01,1
 6.2695E-01,1
 6.2695E-01,1
 6.2305E-01,1
 6.1914E-01,1
 6.1621E-01,1
 6.1621E-01,1
 6.1426E-01,1
 6.0938E-01,1
 6.0645E-01,1
 6.0449E-01,1
 6.0547E-01,1
 6.0254E-01,1
 5.9961E-01,1
 5.9863E-01,1
 5.9863E-01,1
 5.9863E-01,1
 5.9570E-01,1
 5.8887E-01,1
 5.8594E-01,1
 5.8496E-01,1
 5.8301E-01,1
 5.8203E-01,1
 5.7910E-01,1
 5.7715E-01,1
 5.7715E-01,1
 5.7520E-01,1
 5.7324E-01,1
 5.7031E-01,1
 5.7031E-01,1
 5.6934E-01,1
 5.6543E-01,1
 5.6250E-01,1
 5.5957E-01,1
 5.5859E-01,1
 5.5566E-01,1
 5.5469E-01,1
 5.5273E-01,1
 5.4980E-01,1
 5.4883E-01,1
 5.4883E-01,1
 5.4688E-01,1
 5.4492E-01,1
 5.4004E-01,1
 5.3613E-01,1
 5.3516E-01,1
 5.3320E-01,1
 5.3223E-01,1
 5.3027E-01,1
 5.2832E-01,1
 5.2734E-01,1
 5.2539E-01,1
 5.2246E-01,1
 5.1855E-01,1
 5.1563E-01,1
 5.1367E-01,1
 5.1270E-01,1
 5.1074E-01,1
 5.0781E-01,1
 5.0586E-01,1
 5.0586E-01,1
 5.0488E-01,1
 5.0195E-01,1
 4.9707E-01,1
 4.9609E-01,1
 4.9707E-01,1
 4.9414E-01,1
 4.8828E-01,1
 4.8633E-01,1
 4.8535E-01,1
 4.8438E-01,1
 4.8340E-01,1
 4.8047E-01,1
 4.7949E-01,1
 4.7754E-01,1
 4.7461E-01,1
 4.7266E-01,1
 4.6875E-01,1
 4.6777E-01,1
 4.6582E-01,1
 4.6289E-01,1
 4.6094E-01,1
 4.5898E-01,1
 4.5801E-01,1
 4.5508E-01,1
 4.5215E-01,1
 4.5020E-01,1
 4.5215E-01,1
