 1.0654E+00,3,1,1,10-17-17,15:16:09
 1.0645E+00,1
 1.0664E+00,1
 1.0674E+00,1
 1.0684E+00,1
 1.0674E+00,1
 1.0654E+00,1
 1.0674E+00,1
 1.0664E+00,1
 1.0654E+00,1
 1.0645E+00,1
 1.0645E+00,1
 1.0664E+00,1
 1.0664E+00,1
 1.0664E+00,1
 1.0664E+00,1
 1.0654E+00,1
 1.0654E+00,1
 1.0645E+00,1
 1.0635E+00,1
 1.0635E+00,1
 1.0654E+00,1
 1.0664E+00,1
 1.0664E+00,1
 1.0654E+00,1
 1.0645E+00,1
 1.0635E+00,1
 1.0645E+00,1
 1.0645E+00,1
 1.0645E+00,1
 1.0635E+00,1
 1.0635E+00,1
 1.0654E+00,1
 1.0664E+00,1
 1.0654E+00,1
 1.0654E+00,1
 1.0635E+00,1
 1.0645E+00,1
 1.0654E+00,1
 1.0615E+00,1
 1.0615E+00,1
 1.0625E+00,1
 1.0635E+00,1
 1.0664E+00,1
 1.0664E+00,1
 1.0654E+00,1
 1.0645E+00,1
 1.0635E+00,1
 1.0635E+00,1
 1.0635E+00,1
 1.0645E+00,1
 1.0645E+00,1
 1.0654E+00,1
 1.0635E+00,1
 1.0625E+00,1
 1.0625E+00,1
 1.0635E+00,1
 1.0645E+00,1
 1.0635E+00,1
 1.0625E+00,1
 1.0615E+00,1
 1.0615E+00,1
 1.0625E+00,1
 1.0645E+00,1
 1.0625E+00,1
 1.0625E+00,1
 1.0635E+00,1
 1.0645E+00,1
 1.0645E+00,1
 1.0625E+00,1
 1.0605E+00,1
 1.0615E+00,1
 1.0635E+00,1
 1.0645E+00,1
 1.0635E+00,1
 1.0615E+00,1
 1.0615E+00,1
 1.0605E+00,1
 1.0635E+00,1
 1.0625E+00,1
 1.0625E+00,1
 1.0615E+00,1
 1.0615E+00,1
 1.0615E+00,1
 1.0605E+00,1
 1.0596E+00,1
 1.0625E+00,1
 1.0615E+00,1
 1.0615E+00,1
 1.0586E+00,1
 1.0596E+00,1
 1.0596E+00,1
 1.0605E+00,1
 1.0596E+00,1
 1.0596E+00,1
 1.0596E+00,1
 1.0615E+00,1
 1.0625E+00,1
 1.0586E+00,1
 1.0576E+00,1
 1.0566E+00,1
 1.0576E+00,1
 1.0576E+00,1
 1.0586E+00,1
 1.0596E+00,1
 1.0596E+00,1
 1.0586E+00,1
 1.0605E+00,1
 1.0596E+00,1
 1.0576E+00,1
 1.0566E+00,1
 1.0586E+00,1
 1.0586E+00,1
 1.0576E+00,1
 1.0586E+00,1
 1.0566E+00,1
 1.0576E+00,1
 1.0557E+00,1
 1.0547E+00,1
 1.0557E+00,1
 1.0566E+00,1
 1.0566E+00,1
 1.0566E+00,1
 1.0557E+00,1
 1.0566E+00,1
 1.0557E+00,1
 1.0566E+00,1
 1.0566E+00,1
 1.0566E+00,1
 1.0527E+00,1
 1.0498E+00,3,2,0,10-17-17,15:18:19,"Added 50ul nadh"
 1.0518E+00,1
 1.0527E+00,1
 1.0557E+00,1
 1.0566E+00,1
 1.0537E+00,1
 1.0566E+00,1
 1.0586E+00,1
 1.0605E+00,1
 1.0576E+00,1
 1.0566E+00,1
 1.0557E+00,1
 1.0557E+00,1
 1.0566E+00,1
 1.0566E+00,1
 1.0547E+00,1
 1.0557E+00,1
 1.0557E+00,1
 1.0557E+00,1
 1.0547E+00,1
 1.0527E+00,1
 1.0518E+00,1
 1.0547E+00,1
 1.0537E+00,1
 1.0547E+00,1
 1.0557E+00,1
 1.0527E+00,1
 1.0518E+00,1
 1.0518E+00,1
 1.0518E+00,1
 1.0527E+00,1
 1.0527E+00,1
 1.0547E+00,1
 1.0527E+00,1
 1.0518E+00,1
 1.0508E+00,1
 1.0518E+00,1
 1.0537E+00,1
 1.0527E+00,1
 1.0518E+00,1
 1.0518E+00,1
 1.0527E+00,1
 1.0518E+00,1
 1.0508E+00,1
 1.0508E+00,1
 1.0488E+00,1
 1.0479E+00,1
 1.0488E+00,1
 1.0518E+00,1
 1.0508E+00,1
 1.0488E+00,1
 1.0488E+00,1
 1.0498E+00,1
 1.0488E+00,1
 1.0479E+00,1
 1.0469E+00,1
 1.0488E+00,1
 1.0508E+00,1
 1.0498E+00,1
 1.0479E+00,1
 1.0449E+00,1
 1.0303E+00,1
 1.0098E+00,1
 9.8730E-01,1
 9.6680E-01,1
 9.5508E-01,1
 9.4727E-01,1
 9.4434E-01,1
 9.4238E-01,1
 9.4336E-01,1
 9.5313E-01,1
 9.6582E-01,1
 9.7754E-01,1
 9.8633E-01,1
 9.9316E-01,1
 9.9805E-01,1
 1.0000E+00,1
 1.0000E+00,1
 1.0049E+00,1
 1.0107E+00,1
 1.0088E+00,1
 1.0010E+00,1
 9.8438E-01,1
 9.6582E-01,1
 9.4824E-01,1
 9.2969E-01,1
 9.1406E-01,1
 9.1602E-01,1
 9.3652E-01,1
 9.5996E-01,1
 9.8145E-01,1
 9.9316E-01,1
 1.0000E+00,1
 9.9805E-01,1
 9.8340E-01,1
 9.6289E-01,1
 9.4434E-01,1
 9.3066E-01,1
 9.2090E-01,1
 8.7988E-01,1
 8.3301E-01,1
 8.1641E-01,1
 8.2715E-01,1
 8.5059E-01,1
 8.6816E-01,1
 8.7207E-01,1
 8.5742E-01,1
 8.3789E-01,1
 8.3984E-01,1
 8.5547E-01,1
 8.6426E-01,1
 8.6523E-01,1
 8.3887E-01,1
 8.0859E-01,1
 8.1738E-01,1
 8.1445E-01,1
 7.9883E-01,1
 7.9297E-01,1
 7.9785E-01,1
 8.0273E-01,1
 8.0859E-01,1
 8.1055E-01,1
 8.1152E-01,1
 7.9883E-01,1
 7.7539E-01,1
 7.6172E-01,1
 7.6172E-01,1
 7.8418E-01,1
 8.0371E-01,1
 8.0957E-01,1
 8.1543E-01,1
 8.1641E-01,1
 8.1738E-01,1
 8.1641E-01,1
 8.1934E-01,1
 8.2129E-01,1
 8.2227E-01,1
 8.2227E-01,1
 8.2617E-01,1
 8.2813E-01,1
 8.3105E-01,1
 8.3008E-01,1
 8.3105E-01,1
 8.3105E-01,1
 8.3203E-01,1
 8.3301E-01,1
 8.3398E-01,1
 8.3594E-01,1
 8.3691E-01,1
 8.3789E-01,1
 8.3789E-01,1
 8.3691E-01,1
 8.3691E-01,1
 8.3789E-01,1
 8.4082E-01,1
 8.4082E-01,1
 8.4180E-01,1
 8.4180E-01,1
 8.4473E-01,1
 8.4473E-01,1
 8.4180E-01,1
 8.4277E-01,1
 8.4375E-01,1
 8.4473E-01,1
 8.4375E-01,1
 8.4375E-01,1
 8.4180E-01,1
 8.4180E-01,1
 8.4375E-01,1
 8.4375E-01,1
 8.4180E-01,1
 8.4180E-01,1
 8.4082E-01,1
 8.4082E-01,1
 8.4277E-01,1
 8.4082E-01,1
 8.3984E-01,1
 8.3984E-01,1
 8.4082E-01,1
 8.3984E-01,1
 8.4082E-01,1
 8.4082E-01,1
 8.3984E-01,1
 8.3984E-01,1
 8.3984E-01,1
 8.3789E-01,1
 8.3691E-01,1
 8.3789E-01,1
 8.3789E-01,1
 8.3691E-01,1
 8.3789E-01,1
 8.3789E-01,1
 8.3789E-01,1
 8.3496E-01,1
 8.3203E-01,1
 8.3203E-01,1
 8.3496E-01,1
 8.3203E-01,1
 8.3301E-01,1
 8.3203E-01,1
 8.3105E-01,1
 8.3008E-01,1
 8.2910E-01,1
 8.2910E-01,1
 8.2910E-01,1
 8.2715E-01,1
 8.2715E-01,1
 8.2715E-01,1
 8.2715E-01,1
 8.2715E-01,1
 8.2715E-01,1
 8.2520E-01,1
 8.2422E-01,1
 8.2422E-01,1
 8.2422E-01,1
 8.2227E-01,1
 8.2520E-01,1
 8.2520E-01,1
 8.2324E-01,1
 8.2324E-01,1
 8.2324E-01,1
 8.2324E-01,1
 8.2227E-01,1
 8.1934E-01,1
 8.1836E-01,1
 8.1836E-01,1
 8.1934E-01,1
 8.1934E-01,1
 8.1836E-01,1
 8.2031E-01,1
 8.1836E-01,1
 8.1836E-01,1
 8.1738E-01,1
 8.1836E-01,1
 8.1934E-01,1
 8.1738E-01,1
 8.1738E-01,1
 8.1738E-01,1
 8.1641E-01,1
 8.1738E-01,1
 8.1738E-01,1
 8.1738E-01,1
 8.1738E-01,1
 8.1641E-01,1
 8.1738E-01,1
 8.1738E-01,1
 8.1738E-01,1
 8.1738E-01,1
 8.1543E-01,1
 8.1445E-01,1
 8.1641E-01,1
 8.1641E-01,1
 8.1445E-01,1
 8.1348E-01,1
 8.1348E-01,1
 8.1348E-01,1
 8.1152E-01,1
 8.1152E-01,1
 8.1152E-01,1
 8.1152E-01,1
 8.1055E-01,1
 8.1348E-01,1
 8.1250E-01,1
 8.0957E-01,1
 8.0762E-01,1
 8.1055E-01,1
 8.0957E-01,1
 8.0957E-01,1
 8.0762E-01,1
 8.0762E-01,1
 8.0762E-01,1
 8.0664E-01,1
 8.0859E-01,1
 8.0859E-01,1
 8.0762E-01,1
 8.0762E-01,1
 8.0566E-01,1
 8.0859E-01,1
 8.0469E-01,1
 8.0469E-01,1
 8.0664E-01,1
 8.0664E-01,1
 8.0566E-01,1
 8.0469E-01,1
 8.0566E-01,1
 8.0371E-01,1
 8.0469E-01,1
 8.0566E-01,1
 8.0762E-01,1
 8.0566E-01,1
 8.0664E-01,1
 8.0566E-01,1
 8.0664E-01,1
 8.0664E-01,1
 8.0566E-01,1
 8.0469E-01,1
 8.0273E-01,1
 8.0273E-01,1
 8.0273E-01,1
 8.0176E-01,1
 7.9980E-01,1
 8.0078E-01,1
 8.0078E-01,1
 7.9980E-01,1
 7.9980E-01,1
 8.0273E-01,1
 8.0273E-01,1
 8.0273E-01,1
 8.0078E-01,1
 8.0371E-01,1
 7.9980E-01,1
 7.9785E-01,1
 7.9883E-01,1
 7.9980E-01,1
 7.9590E-01,1
 7.9590E-01,1
 7.9590E-01,1
 7.9785E-01,1
 7.9980E-01,1
 7.9883E-01,1
 7.9688E-01,1
 7.9785E-01,1
 7.9688E-01,1
 7.9883E-01,1
 7.9688E-01,1
 7.9590E-01,1
 7.9590E-01,1
 7.9590E-01,1
 7.9688E-01,1
 7.9590E-01,1
 7.9492E-01,1
 7.9590E-01,1
 7.9395E-01,1
 7.9297E-01,1
 7.9395E-01,1
 7.9395E-01,1
 7.9395E-01,1
 7.9297E-01,1
 7.9395E-01,1
 7.9492E-01,1
 7.9395E-01,1
 7.9492E-01,1
 7.9395E-01,1
 7.9297E-01,1
 7.9199E-01,1
 7.9297E-01,1
 7.9297E-01,1
 7.9004E-01,1
 7.8906E-01,1
 7.8809E-01,1
 7.9102E-01,1
 7.9199E-01,1
 7.9004E-01,1
 7.9004E-01,1
 7.8809E-01,1
 7.8809E-01,1
 7.8906E-01,1
 7.8906E-01,1
 7.8809E-01,1
 7.8809E-01,1
 7.8906E-01,1
 7.8809E-01,1
 7.8711E-01,1
 7.8809E-01,1
 7.8613E-01,1
 7.8516E-01,1
 7.9102E-01,1
 7.9102E-01,1
 7.8906E-01,1
 7.8906E-01,1
 7.8906E-01,1
 7.8906E-01,1
 7.8613E-01,1
 7.8418E-01,1
 7.8613E-01,1
 7.8711E-01,1
 7.8613E-01,1
 7.8613E-01,1
 7.8613E-01,1
 7.8711E-01,1
 7.8418E-01,1
 7.8516E-01,1
 7.8613E-01,1
 7.8418E-01,1
 7.8418E-01,1
 7.8711E-01,1
 7.8711E-01,1
 7.8320E-01,1
 7.8320E-01,1
 7.8418E-01,1
 7.8320E-01,1
 7.8320E-01,1
 7.8125E-01,1
 7.8711E-01,1
 8.1836E-01,1
 8.3887E-01,1
 8.3789E-01,1
 8.2129E-01,1
 7.9199E-01,1
 7.6758E-01,1
 7.7344E-01,1
 7.8711E-01,1
 7.9395E-01,1
 7.9492E-01,1
 7.8320E-01,1
 7.6953E-01,1
 7.5391E-01,1
 7.3730E-01,1
 7.2168E-01,1
 7.1094E-01,1
 7.0605E-01,1
 6.9727E-01,1
 6.9141E-01,1
 6.9043E-01,1
 6.8652E-01,1
 6.8457E-01,1
 6.8359E-01,1
 6.8262E-01,1
 6.8066E-01,1
 6.9043E-01,1
 7.2266E-01,1
 7.7930E-01,1
 8.4766E-01,1
 9.0527E-01,1
 9.5117E-01,1
 9.8047E-01,1
 9.9512E-01,1
 1.0000E+00,1
 9.9023E-01,1
 9.7070E-01,1
 9.4727E-01,1
 9.3164E-01,1
 9.1797E-01,1
 9.0137E-01,1
 8.7891E-01,1
 8.5742E-01,1
 8.3691E-01,1
 8.2324E-01,1
 8.2422E-01,1
 8.5547E-01,1
 9.0820E-01,1
 9.5996E-01,1
 9.9609E-01,1
 1.0283E+00,1
 1.0459E+00,1
