 1.0713E+00,3,1,1,10-03-17,15:02:33
 1.0742E+00,1
 1.0703E+00,1
 1.0752E+00,1
 1.0703E+00,1
 1.0771E+00,1
 1.0723E+00,1
 1.0713E+00,1
 1.0752E+00,1
 1.0723E+00,1
 1.0723E+00,1
 1.0732E+00,1
 1.0713E+00,1
 1.0732E+00,1
 1.0723E+00,1
 1.0723E+00,1
 1.0732E+00,1
 1.0703E+00,1
 1.0742E+00,1
 1.0732E+00,1
 1.0693E+00,1
 1.0732E+00,1
 1.0723E+00,1
 1.0713E+00,1
 1.0732E+00,1
 1.0713E+00,1
 1.0713E+00,1
 1.0723E+00,1
 1.0703E+00,1
 1.0693E+00,1
 1.0693E+00,1
 1.0693E+00,1
 1.0713E+00,1
 1.0684E+00,1
 1.0703E+00,1
 1.0693E+00,1
 1.0684E+00,1
 1.0703E+00,1
 1.0693E+00,1
 1.0684E+00,1
 1.0723E+00,1
 1.0674E+00,1
 1.0713E+00,1
 1.0693E+00,1
 1.0664E+00,1
 1.0693E+00,1
 1.0693E+00,1
 1.0693E+00,1
 1.0703E+00,1
 1.0664E+00,1
 1.0703E+00,1
 1.0693E+00,1
 1.0674E+00,1
 1.0693E+00,1
 1.0674E+00,1
 1.0684E+00,1
 1.0684E+00,1
 1.0674E+00,1
 1.0674E+00,1
 1.0664E+00,1
 1.0664E+00,1
 1.0703E+00,1
 1.0664E+00,1
 1.0693E+00,1
 1.0674E+00,1
 1.0674E+00,1
 1.0693E+00,1
 1.0654E+00,1
 1.0703E+00,1
 1.0684E+00,1
 1.0703E+00,1
 1.0693E+00,1
 1.0684E+00,1
 1.0684E+00,1
 1.0674E+00,1
 1.0693E+00,1
 1.0664E+00,1
 1.0684E+00,1
 1.0674E+00,1
 1.0674E+00,1
 1.0684E+00,1
 1.0684E+00,1
 1.0664E+00,1
 1.0654E+00,1
 1.0684E+00,1
 1.0674E+00,1
 1.0664E+00,1
 1.0664E+00,1
 1.0645E+00,1
 1.0654E+00,1
 1.0635E+00,1
 1.0654E+00,1
 1.0664E+00,1
 1.0635E+00,1
 1.0645E+00,1
 1.0654E+00,1
 1.0645E+00,1
 1.0654E+00,1
 1.0664E+00,1
 1.0645E+00,1
 1.0664E+00,1
 1.0664E+00,1
 1.0645E+00,1
 1.0664E+00,1
 1.0664E+00,1
 1.0654E+00,1
 1.0674E+00,1
 1.0654E+00,1
 1.0654E+00,1
 1.0664E+00,1
 1.0654E+00,1
 1.0693E+00,1
 1.0674E+00,1
 1.0703E+00,1
 1.0693E+00,1
 1.0713E+00,1
 1.0723E+00,1
 1.0713E+00,1
 1.0703E+00,1
 1.0732E+00,1
 1.0742E+00,1
 1.0713E+00,1
 1.0742E+00,1
 1.0752E+00,1
 1.0771E+00,1
 1.0752E+00,1
 1.0762E+00,1
 1.0752E+00,1
 1.0752E+00,1
 1.0762E+00,1
 1.0762E+00,1
 1.0771E+00,1
 1.0781E+00,1
 1.0781E+00,1
 1.0771E+00,1
 1.0791E+00,1
 1.0811E+00,1
 1.0791E+00,1
 1.0811E+00,1
 1.0801E+00,1
 1.0801E+00,1
 1.0801E+00,1
 1.0791E+00,1
 1.0801E+00,1
 1.0791E+00,1
 1.0801E+00,1
 1.0820E+00,1
 1.0820E+00,1
 1.0820E+00,1
 1.0840E+00,1
 1.0791E+00,1
 1.0811E+00,1
 1.0811E+00,1
 1.0771E+00,1
 1.0781E+00,1
 1.0771E+00,1
 1.0742E+00,1
 1.0752E+00,1
 1.0723E+00,1
 1.0713E+00,1
 1.0713E+00,1
 1.0703E+00,1
 1.0723E+00,1
 1.0703E+00,1
 1.0703E+00,1
 1.0713E+00,1
 1.0703E+00,1
 1.0713E+00,1
 1.0713E+00,1
 1.0723E+00,1
 1.0732E+00,1
 1.0713E+00,1
 1.0732E+00,1
 1.0703E+00,1
 1.0713E+00,1
 1.0713E+00,1
 1.0713E+00,1
 1.0713E+00,1
 1.0713E+00,1
 1.0713E+00,1
 1.0732E+00,1
 1.0713E+00,1
 1.0723E+00,1
 1.0713E+00,1
 1.0723E+00,1
 1.0693E+00,1
 1.0723E+00,1
 1.0703E+00,1
 1.0732E+00,1
 1.0723E+00,1
 1.0713E+00,1
 1.0752E+00,1
 1.0723E+00,1
 1.0693E+00,1
 1.0703E+00,1
 1.0684E+00,1
 1.0703E+00,1
 1.0703E+00,1
 1.0713E+00,1
 1.0713E+00,1
 1.0742E+00,1
 1.0713E+00,1
 1.0723E+00,1
 1.0742E+00,1
 1.0693E+00,1
 1.0723E+00,1
 1.0703E+00,1
 1.0703E+00,1
 1.0713E+00,1
 1.0703E+00,1
 1.0723E+00,1
 1.0703E+00,1
 1.0713E+00,1
 1.0703E+00,1
 1.0713E+00,1
 1.0703E+00,1
 1.0703E+00,1
 1.0713E+00,1
 1.0703E+00,1
 1.0703E+00,1
 1.0703E+00,1
 1.0693E+00,1
 1.0713E+00,1
 1.0693E+00,1
 1.0693E+00,1
 1.0693E+00,1
 1.0684E+00,1
 1.0723E+00,1
 1.0693E+00,1
 1.0723E+00,1
 1.0713E+00,1
 1.0703E+00,1
 1.0723E+00,1
 1.0723E+00,1
 1.0703E+00,1
 1.0732E+00,1
 1.0703E+00,1
 1.0713E+00,1
 1.0713E+00,1
 1.0703E+00,1
 1.0723E+00,1
 1.0713E+00,1
 1.0713E+00,1
 1.0732E+00,1
 1.0703E+00,1
 1.0713E+00,1
 1.0703E+00,1
 1.0703E+00,1
 1.0732E+00,1
 1.0713E+00,1
 1.0723E+00,1
 1.0713E+00,1
 1.0723E+00,1
 1.0703E+00,1
 1.0713E+00,1
 1.0723E+00,1
 1.0693E+00,1
 1.0723E+00,1
 1.0713E+00,1
 1.0674E+00,1
 1.0732E+00,1
 1.0703E+00,1
 1.0723E+00,1
 1.0723E+00,1
 1.0703E+00,1
 1.0732E+00,1
 1.0703E+00,1
 1.0713E+00,1
 1.0713E+00,1
 1.0703E+00,1
 1.0713E+00,1
 1.0703E+00,1
 1.0713E+00,1
 1.0713E+00,1
 1.0713E+00,1
 1.0713E+00,1
 1.0684E+00,1
 1.0703E+00,1
 1.0703E+00,1
 1.0693E+00,1
 1.0713E+00,1
 1.0732E+00,1
 1.0693E+00,1
 1.0732E+00,1
 1.0713E+00,1
 1.0693E+00,1
 1.0713E+00,1
 1.0713E+00,1
 1.0703E+00,1
 1.0713E+00,1
 1.0684E+00,1
 1.0703E+00,1
 1.0703E+00,1
 1.0684E+00,1
 1.0732E+00,1
 1.0703E+00,1
 1.0703E+00,1
 1.0732E+00,1
 1.0684E+00,1
 1.0732E+00,1
 1.0713E+00,1
 1.0713E+00,1
 1.0713E+00,1
 1.0693E+00,1
 1.0713E+00,1
 1.0693E+00,1
 1.0703E+00,1
 1.0693E+00,1
 1.0693E+00,1
 1.0693E+00,1
 1.0703E+00,1
 1.0693E+00,1
 1.0703E+00,1
 1.0693E+00,1
 1.0713E+00,1
 1.0693E+00,1
 1.0703E+00,1
 1.0684E+00,1
 1.0684E+00,1
 1.0684E+00,1
 1.0674E+00,1
 1.0664E+00,1
 1.0674E+00,1
 1.0654E+00,1
 1.0645E+00,3,2,0,10-03-17,15:07:57,"50um succinate"
 1.0645E+00,1
 1.0625E+00,1
 1.0605E+00,1
 1.0596E+00,1
 1.0576E+00,1
 1.0566E+00,1
 1.0547E+00,1
 1.0527E+00,1
 1.0518E+00,1
 1.0488E+00,1
 1.0469E+00,1
 1.0488E+00,1
 1.0469E+00,1
 1.0449E+00,1
 1.0439E+00,1
 1.0420E+00,1
 1.0391E+00,1
 1.0381E+00,1
 1.0371E+00,1
 1.0352E+00,1
 1.0342E+00,1
 1.0322E+00,1
 1.0313E+00,1
 1.0293E+00,1
 1.0273E+00,1
 1.0283E+00,1
 1.0215E+00,1
 1.0215E+00,1
 1.0186E+00,1
 1.0176E+00,1
 1.0176E+00,1
 1.0146E+00,1
 1.0146E+00,1
 1.0117E+00,1
 1.0098E+00,1
 1.0107E+00,1
 1.0039E+00,1
 1.0059E+00,1
 1.0029E+00,1
 1.0010E+00,1
 1.0000E+00,1
 1.0000E+00,1
 9.9512E-01,1
 9.9609E-01,1
 9.9316E-01,1
 9.9512E-01,1
 9.8828E-01,1
 9.8926E-01,1
 9.8633E-01,1
 9.8535E-01,1
 9.8535E-01,1
 9.8242E-01,1
 9.7949E-01,1
 9.8047E-01,1
 9.7559E-01,1
 9.7656E-01,1
 9.7363E-01,1
 9.7461E-01,1
 9.7070E-01,1
 9.6875E-01,1
 9.6875E-01,1
 9.6680E-01,1
 9.6582E-01,1
 9.6387E-01,1
 9.6094E-01,1
 9.5996E-01,1
 9.5801E-01,1
 9.5801E-01,1
 9.5605E-01,1
 9.5508E-01,1
 9.5410E-01,1
 9.5020E-01,1
 9.4824E-01,1
 9.4824E-01,1
 9.4727E-01,1
 9.4629E-01,1
 9.4336E-01,1
 9.4043E-01,1
 9.4043E-01,1
 9.3652E-01,1
 9.3750E-01,1
 9.3750E-01,1
 9.3359E-01,1
 9.3262E-01,1
 9.3164E-01,1
 9.2969E-01,1
 9.2969E-01,1
 9.2773E-01,1
 9.2383E-01,1
 9.2285E-01,1
 9.2578E-01,1
 9.2090E-01,1
 9.1797E-01,1
 9.1699E-01,1
 9.1602E-01,1
 9.1602E-01,1
 9.1309E-01,1
 9.0918E-01,1
 9.0918E-01,1
 9.0723E-01,1
 9.0430E-01,1
 9.0430E-01,1
 9.0137E-01,1
 9.0039E-01,1
 8.9941E-01,1
 8.9551E-01,1
 8.9453E-01,1
 8.9258E-01,1
 8.8965E-01,1
 8.8965E-01,1
 8.8672E-01,1
 8.8770E-01,1
 8.8477E-01,1
 8.8477E-01,1
 8.8184E-01,1
 8.8086E-01,1
 8.7793E-01,1
 8.7891E-01,1
 8.7793E-01,1
 8.7500E-01,1
 8.7305E-01,1
 8.7207E-01,1
 8.6816E-01,1
 8.6914E-01,1
 8.6621E-01,1
 8.6523E-01,1
 8.6328E-01,1
 8.6133E-01,1
 8.5938E-01,1
 8.5840E-01,1
 8.5742E-01,1
 8.5645E-01,1
 8.5254E-01,1
 8.5449E-01,1
 8.4961E-01,1
 8.4766E-01,1
 8.4863E-01,1
 8.4668E-01,1
 8.4570E-01,1
 8.4473E-01,1
 8.3984E-01,1
 8.4082E-01,1
 8.3691E-01,1
 8.3691E-01,1
 8.3789E-01,1
 8.3301E-01,1
 8.3496E-01,1
 8.3008E-01,1
 8.3105E-01,1
 8.2910E-01,1
 8.2520E-01,1
 8.2813E-01,1
 8.2324E-01,1
 8.2422E-01,1
 8.2129E-01,1
 8.1934E-01,1
 8.1934E-01,1
 8.1738E-01,1
 8.1641E-01,1
 8.1348E-01,1
 8.1348E-01,1
 8.0957E-01,1
 8.0859E-01,1
 8.0762E-01,1
 8.0664E-01,1
 8.0469E-01,1
 8.0469E-01,1
 8.0176E-01,1
 8.0176E-01,1
 8.0078E-01,1
 7.9688E-01,1
 7.9883E-01,1
 7.9297E-01,1
 7.9590E-01,1
 7.9199E-01,1
 7.8906E-01,1
 7.9004E-01,1
 7.8711E-01,1
 7.8516E-01,1
 7.8418E-01,1
 7.8223E-01,1
 7.8125E-01,1
 7.7637E-01,1
 7.7930E-01,1
 7.7441E-01,1
 7.7344E-01,1
 7.7441E-01,1
 7.7246E-01,1
 7.7148E-01,1
 7.6855E-01,1
 7.6660E-01,1
 7.6660E-01,1
 7.6270E-01,1
 7.6367E-01,1
 7.5879E-01,1
 7.5977E-01,1
 7.5684E-01,1
 7.5586E-01,1
 7.5391E-01,1
 7.5293E-01,1
 7.5098E-01,1
 7.5098E-01,1
 7.4707E-01,1
 7.4609E-01,1
 7.4609E-01,1
 7.4219E-01,1
 7.4316E-01,1
 7.4219E-01,1
 7.4316E-01,1
 7.4316E-01,1
 7.4219E-01,1
 7.4609E-01,1
 7.4316E-01,3,3,0,10-03-17,15:11:30,"50um malonate"
 7.4609E-01,1
 7.4414E-01,1
 7.4512E-01,1
 7.4512E-01,1
 7.4414E-01,1
 7.4609E-01,1
 7.4316E-01,1
 7.4414E-01,1
 7.4316E-01,1
 7.4414E-01,1
 7.4609E-01,1
 7.4512E-01,1
 7.4512E-01,1
 7.4512E-01,1
 7.4512E-01,1
 7.4512E-01,1
 7.4512E-01,1
 7.4707E-01,1
 7.4609E-01,1
 7.4512E-01,1
 7.4805E-01,1
 7.4707E-01,1
 7.4805E-01,1
 7.4707E-01,1
 7.4609E-01,1
 7.5000E-01,1
 7.4609E-01,1
 7.4707E-01,1
 7.4609E-01,1
 7.4707E-01,1
 7.4805E-01,1
 7.4707E-01,1
 7.4805E-01,1
 7.4707E-01,1
 7.4707E-01,1
 7.4902E-01,1
 7.4805E-01,1
 7.4805E-01,1
 7.4707E-01,1
 7.4805E-01,1
 7.4902E-01,1
 7.4707E-01,1
 7.4902E-01,1
 7.5000E-01,1
 7.4707E-01,1
 7.5000E-01,1
 7.4707E-01,1
 7.4902E-01,1
 7.5000E-01,1
 7.4609E-01,1
 7.4902E-01,1
 7.4707E-01,1
 7.4902E-01,1
 7.5098E-01,1
 7.4805E-01,1
 7.5098E-01,1
 7.4805E-01,1
 7.5000E-01,1
 7.4902E-01,1
 7.4902E-01,1
 7.4902E-01,1
 7.4902E-01,1
 7.4902E-01,1
 7.4902E-01,1
 7.4902E-01,1
 7.5000E-01,1
 7.5000E-01,1
 7.5000E-01,1
 7.5098E-01,1
 7.5000E-01,1
 7.4902E-01,1
 7.5195E-01,1
 7.4902E-01,1
 7.5000E-01,1
 7.5098E-01,1
 7.4805E-01,1
 7.5000E-01,1
 7.4902E-01,1
 7.4902E-01,1
 7.5000E-01,1
 7.5098E-01,1
 7.5000E-01,1
 7.5195E-01,1
 7.5098E-01,1
 7.5000E-01,1
 7.5098E-01,1
 7.5000E-01,1
 7.5000E-01,1
 7.5293E-01,1
 7.4902E-01,1
 7.4902E-01,1
 7.5098E-01,1
 7.5098E-01,1
 7.5098E-01,1
 7.5098E-01,1
 7.4902E-01,1
 7.5195E-01,1
 7.5000E-01,1
 7.5195E-01,1
 7.5000E-01,1
 7.5000E-01,1
 7.5098E-01,1
 7.5000E-01,1
 7.5000E-01,1
 7.4902E-01,1
 7.4805E-01,1
 7.5000E-01,1
 7.4902E-01,1
 7.5098E-01,1
 7.4805E-01,1
 7.4902E-01,1
 7.5098E-01,1
 7.4707E-01,1
 7.5000E-01,1
 7.4805E-01,1
 7.5000E-01,1
 7.5098E-01,1
 7.4902E-01,1
 7.5098E-01,1
 7.5195E-01,1
 7.5098E-01,1
 7.5000E-01,1
 7.5098E-01,1
 7.5000E-01,1
 7.5195E-01,1
 7.5000E-01,1
 7.5098E-01,1
 7.4902E-01,1
 7.5098E-01,1
 7.5098E-01,1
 7.5000E-01,1
 7.5391E-01,1
 7.5195E-01,1
 7.5195E-01,1
 7.5098E-01,1
 7.5098E-01,1
 7.5195E-01,1
 7.5098E-01,1
 7.5293E-01,1
 7.5098E-01,1
 7.5098E-01,1
 7.5000E-01,1
 7.5098E-01,1
 7.5195E-01,1
 7.5293E-01,1
 7.5293E-01,1
 7.5000E-01,1
 7.5098E-01,1
 7.5098E-01,1
 7.5000E-01,1
 7.5098E-01,1
 7.4902E-01,1
 7.5195E-01,1
 7.5000E-01,1
 7.5000E-01,1
 7.5391E-01,1
 7.5098E-01,1
 7.5098E-01,1
 7.5098E-01,1
 7.5098E-01,1
 7.5098E-01,1
 7.5098E-01,1
 7.5098E-01,1
 7.5293E-01,1
 7.5098E-01,1
 7.5098E-01,1
 7.5098E-01,1
 7.5098E-01,1
 7.5098E-01,1
 7.4902E-01,1
 7.5293E-01,1
 7.4805E-01,1
 7.5391E-01,1
 7.5000E-01,1
 7.4707E-01,1
 7.5098E-01,1
 7.4902E-01,1
 7.5000E-01,1
 7.5195E-01,1
 7.5195E-01,1
 7.5098E-01,1
 7.4902E-01,1
 7.4902E-01,1
 7.4902E-01,1
 7.4707E-01,1
 7.4902E-01,1
 7.5000E-01,1
 7.4707E-01,1
 7.5098E-01,1
 7.5000E-01,1
 7.4902E-01,1
 7.4902E-01,1
 7.4902E-01,1
 7.5098E-01,1
 7.4902E-01,1
 7.5000E-01,1
 7.4902E-01,1
 7.5000E-01,1
 7.5000E-01,1
 7.4902E-01,1
 7.4805E-01,1
 7.4902E-01,1
 7.4609E-01,1
 7.4805E-01,1
