 1.0713E+00,3
 1.0723E+00,1
 1.0684E+00,1
 1.0723E+00,1
 1.0703E+00,1
 1.0723E+00,1
 1.0713E+00,1
 1.0713E+00,1
 1.0723E+00,1
 1.0713E+00,1
 1.0723E+00,1
 1.0732E+00,1
 1.0732E+00,1
 1.0723E+00,1
 1.0723E+00,1
 1.0762E+00,1
 1.0723E+00,1
 1.0713E+00,1
 1.0752E+00,1
 1.0713E+00,1
 1.0732E+00,1
 1.0742E+00,1
 1.0713E+00,1
 1.0752E+00,1
 1.0732E+00,1
 1.0742E+00,1
 1.0732E+00,1
 1.0752E+00,1
 1.0713E+00,1
 1.0752E+00,1
 1.0742E+00,1
 1.0732E+00,1
 1.0752E+00,1
 1.0732E+00,1
 1.0771E+00,1
 1.0723E+00,1
 1.0752E+00,1
 1.0742E+00,1
 1.0742E+00,1
 1.0752E+00,1
 1.0752E+00,1
 1.0732E+00,1
 1.0762E+00,1
 1.0742E+00,1
 1.0732E+00,1
 1.0742E+00,1
 1.0762E+00,1
 1.0742E+00,1
 1.0742E+00,1
 1.0732E+00,1
 1.0732E+00,1
 1.0762E+00,1
 1.0732E+00,1
 1.0762E+00,1
 1.0732E+00,1
 1.0732E+00,1
 1.0752E+00,1
 1.0732E+00,1
 1.0752E+00,1
 1.0742E+00,1
 1.0742E+00,1
 1.0752E+00,1
 1.0742E+00,1
 1.0742E+00,1
 1.0762E+00,1
 1.0732E+00,1
 1.0762E+00,1
 1.0762E+00,1
 1.0732E+00,1
 1.0752E+00,1
 1.0742E+00,1
 1.0752E+00,1
 1.0732E+00,1
 1.0752E+00,1
 1.0742E+00,1
 1.0752E+00,1
 1.0742E+00,1
 1.0752E+00,1
 1.0742E+00,1
 1.0732E+00,1
 1.0752E+00,1
 1.0723E+00,1
 1.0762E+00,1
 1.0742E+00,1
 1.0742E+00,1
 1.0752E+00,1
 1.0732E+00,1
 1.0723E+00,1
 1.0752E+00,1
 1.0723E+00,1
 1.0752E+00,1
 1.0732E+00,1
 1.0732E+00,1
 1.0762E+00,1
 1.0752E+00,1
 1.0723E+00,1
 1.0742E+00,1
 1.0723E+00,1
 1.0732E+00,1
 1.0723E+00,1
 1.0732E+00,1
 1.0742E+00,1
 1.0723E+00,1
 1.0742E+00,1
 1.0742E+00,1
 1.0723E+00,1
 1.0742E+00,1
 1.0713E+00,1
 1.0732E+00,1
 1.0732E+00,1
 1.0732E+00,1
 1.0732E+00,1
 1.0752E+00,1
 1.0723E+00,1
 1.0742E+00,1
 1.0732E+00,1
 1.0713E+00,1
 1.0732E+00,1
 1.0713E+00,1
 1.0732E+00,1
 1.0732E+00,1
 1.0713E+00,1
 1.0732E+00,1
 1.0723E+00,1
 1.0742E+00,1
 1.0732E+00,1
 1.0723E+00,1
 1.0732E+00,1
 1.0732E+00,1
 1.0723E+00,1
 1.0713E+00,1
 1.0713E+00,1
 1.0723E+00,1
 1.0742E+00,1
 1.0713E+00,1
 1.0713E+00,1
 1.0723E+00,1
 1.0723E+00,1
 1.0713E+00,1
 1.0732E+00,1
 1.0713E+00,1
 1.0723E+00,1
 1.0713E+00,1
 1.0732E+00,1
 1.0713E+00,1
 1.0723E+00,1
 1.0732E+00,1
 1.0703E+00,1
 1.0732E+00,1
 1.0732E+00,1
 1.0732E+00,1
 1.0723E+00,1
 1.0703E+00,1
 1.0723E+00,1
 1.0713E+00,1
 1.0713E+00,1
 1.0703E+00,1
 1.0742E+00,1
 1.0703E+00,1
 1.0713E+00,1
 1.0723E+00,1
 1.0693E+00,1
 1.0713E+00,1
 1.0723E+00,1
 1.0693E+00,1
 1.0742E+00,1
 1.0693E+00,1
 1.0693E+00,1
 1.0713E+00,1
 1.0693E+00,1
 1.0713E+00,1
 1.0703E+00,1
 1.0703E+00,1
 1.0713E+00,1
 1.0693E+00,1
 1.0703E+00,1
 1.0693E+00,1
 1.0684E+00,1
 1.0684E+00,1
 1.0684E+00,1
 1.0703E+00,1
 1.0684E+00,1
 1.0693E+00,1
 1.0703E+00,1
 1.0674E+00,1
 1.0703E+00,1
 1.0684E+00,1
 1.0664E+00,1
 1.0703E+00,1
 1.0674E+00,1
 1.0703E+00,1
 1.0693E+00,1
 1.0693E+00,1
 1.0674E+00,1
 1.0684E+00,1
 1.0664E+00,1
 1.0693E+00,1
 1.0693E+00,1
 1.0664E+00,1
 1.0693E+00,1
 1.0654E+00,1
 1.0645E+00,1
 1.0635E+00,1
 1.0615E+00,1
 1.0625E+00,1
 1.0635E+00,1
 1.0605E+00,1
 1.0498E+00,1
 1.0313E+00,1
 1.0137E+00,1
 9.9609E-01,1
 9.8438E-01,1
 9.7363E-01,1
 9.6289E-01,1
 9.6289E-01,1
 9.5801E-01,1
 9.5410E-01,1
 9.4824E-01,1
 9.3359E-01,1
 9.1699E-01,1
 9.0234E-01,1
 8.9648E-01,1
 9.0527E-01,1
 9.2285E-01,1
 9.2578E-01,1
 9.1699E-01,1
 8.9941E-01,1
 8.9355E-01,1
 9.2188E-01,1
 9.5215E-01,1
 9.8145E-01,1
 1.0020E+00,1
 1.0098E+00,1
 1.0117E+00,1
 1.0098E+00,1
 9.7363E-01,1
 8.8281E-01,1
 8.3008E-01,1
 8.6133E-01,1
 8.9746E-01,1
 9.0527E-01,1
 9.0527E-01,1
 8.9746E-01,1
 8.9551E-01,1
 8.9355E-01,1
 8.8867E-01,1
 8.8770E-01,1
 8.8672E-01,1
 8.8184E-01,1
 8.8281E-01,1
 8.8281E-01,1
 8.8477E-01,1
 8.8867E-01,1
 8.8770E-01,1
 8.8965E-01,1
 8.9258E-01,1
 8.9063E-01,1
 8.9453E-01,1
 8.8965E-01,1
 8.9355E-01,1
 8.9551E-01,1
 8.9160E-01,1
 8.9746E-01,1
 8.9355E-01,1
 8.9355E-01,1
 8.9355E-01,1
 8.9355E-01,1
 8.9551E-01,1
 8.9453E-01,1
 8.9453E-01,1
 8.9648E-01,1
 8.9746E-01,1
 8.9746E-01,1
 9.0039E-01,1
 8.9844E-01,1
 8.9941E-01,1
 8.9941E-01,1
 8.9355E-01,1
 8.9453E-01,1
 8.9063E-01,1
 8.8965E-01,1
 8.8965E-01,1
 8.8770E-01,1
 8.9160E-01,1
 8.8867E-01,1
 8.8574E-01,1
 8.8672E-01,1
 8.8574E-01,1
 8.9258E-01,1
 8.9355E-01,1
 8.9551E-01,1
 8.9941E-01,1
 8.9941E-01,1
 9.0137E-01,1
 9.0137E-01,1
 8.9941E-01,1
 9.0039E-01,1
 9.0137E-01,1
 8.9844E-01,1
 9.0039E-01,1
 8.9844E-01,1
 8.9746E-01,1
 8.9746E-01,1
 8.9648E-01,1
 8.9551E-01,1
 8.9453E-01,1
 8.9551E-01,1
 8.9355E-01,1
 8.9355E-01,1
 8.9453E-01,1
 8.9551E-01,1
 8.9453E-01,1
 8.9453E-01,1
 8.9453E-01,1
 8.9355E-01,1
 8.9551E-01,1
 8.9355E-01,1
 8.9258E-01,1
 8.9160E-01,1
 8.9160E-01,1
 8.9063E-01,1
 8.9063E-01,1
 8.9160E-01,1
 8.9258E-01,1
 8.8965E-01,1
 8.9063E-01,1
 8.8867E-01,1
 8.8965E-01,1
 8.8965E-01,1
 8.8965E-01,1
 8.8477E-01,1
 8.8281E-01,1
 8.7891E-01,1
 8.7793E-01,1
 8.7793E-01,1
 8.9160E-01,1
 9.0918E-01,1
 9.0820E-01,1
 8.8281E-01,1
 8.5449E-01,1
 8.2227E-01,1
 7.9102E-01,1
 7.6563E-01,1
 7.4023E-01,1
 7.1875E-01,1
 7.0605E-01,1
 6.9141E-01,1
 6.8457E-01,1
 6.7871E-01,1
 6.7676E-01,1
 6.7090E-01,1
 6.6699E-01,1
 6.6699E-01,1
 6.6602E-01,1
 6.6504E-01,1
 6.6406E-01,1
 6.6211E-01,1
 6.6211E-01,1
 6.5625E-01,1
 6.5430E-01,1
 6.4844E-01,1
 6.4355E-01,1
 6.3965E-01,1
 6.3379E-01,1
 6.3574E-01,1
 6.6309E-01,1
 7.3730E-01,1
 8.3008E-01,1
 8.9941E-01,1
 9.5020E-01,1
 9.7266E-01,1
 9.8340E-01,1
 9.8047E-01,1
 9.6387E-01,1
 9.4043E-01,1
 9.0820E-01,1
 8.7500E-01,1
 8.4570E-01,1
 8.4473E-01,1
 8.7500E-01,1
 9.1016E-01,1
 9.3945E-01,1
 9.5703E-01,1
 9.5117E-01,1
 9.3164E-01,1
 9.0039E-01,1
 8.6621E-01,1
 8.3789E-01,1
 8.1055E-01,1
 7.9688E-01,1
 7.9785E-01,1
 8.0957E-01,1
 8.2227E-01,1
 8.3008E-01,1
 8.3203E-01,1
 8.3008E-01,1
 8.2324E-01,1
 8.2324E-01,1
 8.2129E-01,1
 8.2617E-01,1
 8.3008E-01,1
 8.4375E-01,1
 8.5938E-01,1
 8.7305E-01,1
 8.7695E-01,1
 8.6719E-01,1
 8.5840E-01,1
 8.5645E-01,1
 8.5645E-01,1
 8.5742E-01,1
 8.5840E-01,1
 8.6426E-01,1
 8.9160E-01,1
 9.1797E-01,1
 9.3457E-01,1
 9.3750E-01,1
 9.3359E-01,1
 9.2871E-01,1
 9.1797E-01,1
 9.0625E-01,1
 8.8770E-01,1
 8.7305E-01,1
 8.5938E-01,1
 8.4375E-01,1
 8.3203E-01,1
 8.2324E-01,1
 8.1836E-01,1
 8.2422E-01,1
 8.4473E-01,1
 8.7988E-01,1
 9.0723E-01,1
 9.3555E-01,1
 9.5605E-01,1
 9.7070E-01,1
 9.7949E-01,1
 9.7656E-01,1
 9.8047E-01,1
 9.8340E-01,1
 9.8438E-01,1
 9.8242E-01,1
 9.8340E-01,1
 9.7363E-01,1
 9.6777E-01,1
 9.6094E-01,1
 9.5117E-01,1
 9.4727E-01,1
 9.4043E-01,1
 9.3945E-01,1
 9.3457E-01,1
 9.3164E-01,1
 9.3164E-01,1
 9.2480E-01,1
 9.2480E-01,1
 9.2188E-01,1
 9.1699E-01,1
 9.2090E-01,1
 9.1699E-01,1
 9.1602E-01,1
 9.2480E-01,1
 9.3066E-01,1
 9.3848E-01,1
 9.4727E-01,1
 9.4629E-01,1
 9.5313E-01,1
 9.5117E-01,1
 9.5117E-01,1
 9.5313E-01,1
 9.5117E-01,1
 9.5313E-01,1
 9.5117E-01,1
 9.5215E-01,1
 9.5313E-01,1
 9.5313E-01,1
 9.5508E-01,1
 9.6289E-01,1
 9.6094E-01,1
 9.3750E-01,1
 9.0039E-01,1
 8.6035E-01,1
 8.2813E-01,1
 8.1445E-01,1
 8.3887E-01,1
 8.8477E-01,1
 9.3262E-01,1
 9.6680E-01,1
 9.8730E-01,1
 1.0068E+00,1
 1.0137E+00,1
 1.0225E+00,1
 1.0283E+00,1
 1.0322E+00,1
 1.0322E+00,1
 1.0342E+00,1
 1.0371E+00,1
 1.0361E+00,1
 1.0391E+00,1
 1.0420E+00,1
 1.0391E+00,1
 1.0410E+00,1
 1.0420E+00,1
 1.0420E+00,1
 1.0420E+00,1
 1.0410E+00,1
 1.0439E+00,1
 1.0410E+00,1
 1.0420E+00,1
 1.0439E+00,1
 1.0420E+00,1
 1.0449E+00,1
 1.0439E+00,1
 1.0430E+00,1
 1.0449E+00,1
 1.0449E+00,1
 1.0479E+00,1
 1.0479E+00,1
 1.0449E+00,1
 1.0479E+00,1
 1.0420E+00,1
 1.0459E+00,1
 1.0439E+00,1
 1.0449E+00,1
 1.0459E+00,1
 1.0449E+00,1
 1.0459E+00,1
 1.0459E+00,1
 1.0459E+00,1
 1.0479E+00,1
 1.0459E+00,1
 1.0459E+00,1
 1.0479E+00,1
 1.0459E+00,1
 1.0449E+00,1
 1.0469E+00,1
 1.0459E+00,1
 1.0479E+00,1
 1.0459E+00,1
 1.0479E+00,1
