 1.0723E+00,3,1,1,10-17-17,16:33:15
 1.0723E+00,1
 1.0742E+00,1
 1.0732E+00,1
 1.0732E+00,1
 1.0742E+00,1
 1.0732E+00,1
 1.0752E+00,1
 1.0752E+00,1
 1.0752E+00,1
 1.0752E+00,1
 1.0762E+00,1
 1.0752E+00,1
 1.0752E+00,1
 1.0781E+00,1
 1.0771E+00,1
 1.0762E+00,1
 1.0781E+00,1
 1.0771E+00,1
 1.0752E+00,1
 1.0771E+00,1
 1.0781E+00,1
 1.0771E+00,1
 1.0781E+00,1
 1.0791E+00,1
 1.0771E+00,1
 1.0791E+00,1
 1.0791E+00,1
 1.0771E+00,1
 1.0781E+00,1
 1.0781E+00,1
 1.0781E+00,1
 1.0781E+00,1
 1.0781E+00,1
 1.0771E+00,1
 1.0791E+00,1
 1.0781E+00,1
 1.0791E+00,1
 1.0791E+00,1
 1.0801E+00,1
 1.0781E+00,1
 1.0791E+00,1
 1.0811E+00,1
 1.0801E+00,1
 1.0801E+00,1
 1.0791E+00,1
 1.0820E+00,1
 1.0820E+00,1
 1.0801E+00,1
 1.0801E+00,1
 1.0840E+00,1
 1.0811E+00,1
 1.0801E+00,1
 1.0820E+00,1
 1.0811E+00,1
 1.0791E+00,1
 1.0801E+00,1
 1.0820E+00,1
 1.0811E+00,1
 1.0820E+00,1
 1.0811E+00,1
 1.0811E+00,1
 1.0820E+00,1
 1.0830E+00,1
 1.0820E+00,1
 1.0830E+00,1
 1.0830E+00,1
 1.0830E+00,1
 1.0791E+00,1
 1.0820E+00,1
 1.0820E+00,1
 1.0801E+00,1
 1.0820E+00,1
 1.0811E+00,1
 1.0820E+00,1
 1.0820E+00,1
 1.0830E+00,1
 1.0820E+00,1
 1.0840E+00,1
 1.0820E+00,1
 1.0820E+00,1
 1.0820E+00,1
 1.0811E+00,1
 1.0820E+00,1
 1.0840E+00,1
 1.0830E+00,1
 1.0820E+00,1
 1.0820E+00,1
 1.0820E+00,1
 1.0830E+00,1
 1.0830E+00,1
 1.0830E+00,1
 1.0840E+00,1
 1.0840E+00,1
 1.0820E+00,1
 1.0830E+00,1
 1.0830E+00,1
 1.0820E+00,1
 1.0850E+00,1
 1.0830E+00,1
 1.0830E+00,1
 1.0830E+00,1
 1.0850E+00,1
 1.0840E+00,1
 1.0811E+00,1
 1.0859E+00,1
 1.0850E+00,1
 1.0850E+00,1
 1.0840E+00,1
 1.0840E+00,1
 1.0830E+00,1
 1.0820E+00,1
 1.0830E+00,1
 1.0830E+00,1
 1.0830E+00,1
 1.0850E+00,1
 1.0859E+00,1
 1.0840E+00,1
 1.0850E+00,1
 1.0840E+00,1
 1.0830E+00,1
 1.0820E+00,1
 1.0859E+00,1
 1.0850E+00,1
 1.0850E+00,1
 1.0840E+00,1
 1.0840E+00,1
 1.0811E+00,1
 1.0830E+00,1
 1.0840E+00,1
 1.0840E+00,1
 1.0840E+00,1
 1.0850E+00,1
 1.0840E+00,1
 1.0820E+00,1
 1.0840E+00,1
 1.0840E+00,1
 1.0811E+00,1
 1.0830E+00,1
 1.0850E+00,1
 1.0840E+00,1
 1.0840E+00,1
 1.0840E+00,1
 1.0820E+00,1
 1.0820E+00,1
 1.0840E+00,1
 1.0840E+00,1
 1.0850E+00,1
 1.0850E+00,1
 1.0840E+00,1
 1.0830E+00,1
 1.0830E+00,1
 1.0830E+00,1
 1.0820E+00,1
 1.0830E+00,1
 1.0840E+00,1
 1.0830E+00,1
 1.0840E+00,1
 1.0820E+00,1
 1.0820E+00,3,2,0,10-17-17,16:35:54,"NADH ADDED"
 1.0811E+00,1
 1.0811E+00,1
 1.0811E+00,1
 1.0801E+00,1
 1.0811E+00,1
 1.0811E+00,1
 1.0791E+00,1
 1.0801E+00,1
 1.0820E+00,1
 1.0801E+00,1
 1.0820E+00,1
 1.0830E+00,1
 1.0801E+00,1
 1.0801E+00,1
 1.0791E+00,1
 1.0771E+00,1
 1.0762E+00,1
 1.0781E+00,1
 1.0781E+00,1
 1.0781E+00,1
 1.0771E+00,1
 1.0742E+00,1
 1.0762E+00,1
 1.0752E+00,1
 1.0752E+00,1
 1.0732E+00,1
 1.0723E+00,1
 1.0732E+00,1
 1.0703E+00,1
 1.0713E+00,1
 1.0703E+00,1
 1.0674E+00,1
 1.0684E+00,1
 1.0674E+00,1
 1.0654E+00,1
 1.0654E+00,1
 1.0635E+00,1
 1.0645E+00,1
 1.0625E+00,1
 1.0615E+00,1
 1.0605E+00,1
 1.0596E+00,1
 1.0596E+00,1
 1.0586E+00,1
 1.0576E+00,1
 1.0557E+00,1
 1.0547E+00,1
 1.0527E+00,1
 1.0498E+00,1
 1.0508E+00,1
 1.0508E+00,1
 1.0498E+00,1
 1.0469E+00,1
 1.0479E+00,1
 1.0459E+00,1
 1.0439E+00,1
 1.0439E+00,1
 1.0410E+00,1
 1.0430E+00,1
 1.0410E+00,1
 1.0381E+00,1
 1.0371E+00,1
 1.0361E+00,1
 1.0342E+00,1
 1.0342E+00,1
 1.0322E+00,1
 1.0303E+00,1
 1.0293E+00,1
 1.0293E+00,1
 1.0283E+00,1
 1.0264E+00,1
 1.0254E+00,1
 1.0225E+00,1
 1.0205E+00,1
 1.0215E+00,1
 1.0205E+00,1
 1.0176E+00,1
 1.0176E+00,1
 1.0166E+00,1
 1.0146E+00,1
 1.0137E+00,1
 1.0127E+00,1
 1.0098E+00,1
 1.0098E+00,1
 1.0078E+00,1
 1.0059E+00,1
 1.0068E+00,1
 1.0059E+00,1
 1.0029E+00,1
 1.0029E+00,1
 1.0020E+00,1
 1.0000E+00,1
 1.0000E+00,1
 9.9609E-01,1
 9.9414E-01,1
 9.9414E-01,1
 9.9219E-01,1
 9.9023E-01,1
 9.9023E-01,1
 9.8828E-01,1
 9.8730E-01,1
 9.8633E-01,1
 9.8633E-01,1
 9.8340E-01,1
 9.8340E-01,1
 9.8242E-01,1
 9.8047E-01,1
 9.7852E-01,1
 9.7754E-01,1
 9.7559E-01,1
 9.7363E-01,1
 9.7363E-01,1
 9.7363E-01,1
 9.7363E-01,1
 9.7266E-01,1
 9.7070E-01,1
 9.6875E-01,1
 9.6680E-01,1
 9.6680E-01,1
 9.6484E-01,1
 9.6484E-01,1
 9.6191E-01,1
 9.5996E-01,1
 9.5996E-01,1
 9.5801E-01,1
 9.5605E-01,1
 9.5703E-01,1
 9.5508E-01,1
 9.5508E-01,1
 9.5410E-01,1
 9.5215E-01,1
 9.5117E-01,1
 9.5020E-01,1
 9.4824E-01,1
 9.4629E-01,1
 9.4531E-01,1
 9.4434E-01,1
 9.4238E-01,1
 9.4043E-01,1
 9.4043E-01,1
 9.3652E-01,1
 9.3652E-01,1
 9.3652E-01,1
 9.3457E-01,1
 9.3262E-01,1
 9.3262E-01,1
 9.2969E-01,1
 9.2871E-01,1
 9.2676E-01,1
 9.2676E-01,1
 9.2676E-01,1
 9.2480E-01,1
 9.2188E-01,1
 9.2090E-01,1
 9.1895E-01,1
 9.1699E-01,1
 9.1699E-01,1
 9.1504E-01,1
 9.1406E-01,1
 9.1309E-01,1
 9.1211E-01,1
 9.1113E-01,1
 9.0918E-01,1
 9.0625E-01,1
 9.0723E-01,1
 9.0430E-01,1
 9.0332E-01,1
 9.0137E-01,1
 9.0039E-01,1
 8.9844E-01,1
 8.9746E-01,1
 8.9551E-01,1
 8.9453E-01,1
 8.9355E-01,1
 8.9355E-01,1
 8.8965E-01,1
 8.8965E-01,1
 8.8770E-01,1
 8.8574E-01,1
 8.8477E-01,1
 8.8477E-01,1
 8.8281E-01,1
 8.8086E-01,1
 8.7988E-01,1
 8.7891E-01,1
 8.7793E-01,1
 8.7598E-01,1
 8.7500E-01,1
 8.7402E-01,1
 8.7305E-01,1
 8.7207E-01,1
 8.7109E-01,1
 8.6816E-01,1
 8.6816E-01,1
 8.6816E-01,1
 8.6523E-01,1
 8.6523E-01,1
 8.6328E-01,1
 8.5938E-01,1
 8.6035E-01,1
 8.5840E-01,1
 8.5840E-01,1
 8.5645E-01,1
 8.5352E-01,1
 8.5352E-01,1
 8.5254E-01,1
 8.4961E-01,1
 8.5059E-01,1
 8.4863E-01,1
 8.4766E-01,1
 8.4668E-01,1
 8.4668E-01,1
 8.4375E-01,1
 8.4375E-01,1
 8.4375E-01,1
 8.3984E-01,1
 8.4082E-01,1
 8.3984E-01,1
 8.3691E-01,1
 8.3594E-01,1
 8.3496E-01,1
 8.3301E-01,1
 8.3301E-01,1
 8.3105E-01,1
 8.3008E-01,1
 8.2910E-01,1
 8.2715E-01,1
 8.2715E-01,1
 8.2715E-01,1
 8.2324E-01,1
 8.2324E-01,1
 8.2227E-01,1
 8.1836E-01,1
 8.1836E-01,1
 8.1641E-01,1
 8.1641E-01,1
 8.1445E-01,1
 8.1445E-01,1
 8.1348E-01,1
 8.1152E-01,1
 8.1055E-01,1
 8.0957E-01,1
 8.0859E-01,1
 8.0664E-01,1
 8.0566E-01,1
 8.0469E-01,1
 8.0176E-01,1
 8.0176E-01,1
 7.9883E-01,1
 7.9883E-01,1
 7.9883E-01,1
 7.9785E-01,1
 7.9688E-01,1
 7.9492E-01,1
 7.9297E-01,1
 7.9199E-01,1
 7.9199E-01,1
 7.9102E-01,1
 7.8906E-01,1
 7.8711E-01,1
 7.8516E-01,1
 7.8418E-01,1
 7.8320E-01,1
 7.8223E-01,1
 7.8125E-01,1
 7.8027E-01,1
 7.7832E-01,1
 7.7637E-01,1
 7.7539E-01,1
 7.7441E-01,1
 7.7148E-01,1
 7.7051E-01,1
 7.7051E-01,1
 7.6758E-01,1
 7.6855E-01,1
 7.6660E-01,1
 7.6563E-01,1
 7.6563E-01,1
 7.6270E-01,1
 7.6172E-01,1
 7.5977E-01,1
 7.5684E-01,1
 7.5781E-01,1
 7.5684E-01,1
 7.5684E-01,1
 7.5391E-01,1
 7.5293E-01,1
 7.5293E-01,1
 7.5098E-01,1
 7.5000E-01,1
 7.5000E-01,3,3,0,10-17-17,16:40:45,"ANTIMYCIN a"
 7.4902E-01,1
 7.4707E-01,1
 7.4707E-01,1
 7.4512E-01,1
 7.4512E-01,1
 7.4609E-01,1
 7.4609E-01,1
 7.4609E-01,1
 7.4609E-01,1
 7.4414E-01,1
 7.4609E-01,1
 7.4512E-01,1
 7.4609E-01,1
 7.4707E-01,1
 7.4414E-01,1
 7.4512E-01,1
 7.4414E-01,1
 7.4316E-01,1
 7.4316E-01,1
 7.4316E-01,1
 7.4316E-01,1
 7.4316E-01,1
 7.4316E-01,1
 7.4316E-01,1
 7.4121E-01,1
 7.4219E-01,1
 7.4414E-01,1
 7.4316E-01,1
 7.4316E-01,1
 7.4219E-01,1
 7.4219E-01,1
 7.4023E-01,1
 7.4316E-01,1
 7.4121E-01,1
 7.4023E-01,1
 7.4219E-01,1
 7.4121E-01,1
 7.4316E-01,1
 7.4023E-01,1
 7.4219E-01,1
 7.4219E-01,1
 7.4121E-01,1
 7.4219E-01,1
 7.4023E-01,1
 7.4121E-01,1
 7.4219E-01,1
 7.4023E-01,1
 7.4121E-01,1
 7.4121E-01,1
 7.4121E-01,1
 7.4121E-01,1
 7.4023E-01,1
 7.4219E-01,1
 7.4219E-01,1
 7.4219E-01,1
 7.4121E-01,1
 7.4219E-01,1
 7.4023E-01,1
 7.4023E-01,1
 7.4219E-01,1
 7.4219E-01,1
 7.4121E-01,1
 7.4219E-01,1
 7.4121E-01,1
 7.4219E-01,1
 7.4121E-01,1
 7.4316E-01,1
 7.4219E-01,1
 7.4219E-01,1
 7.4219E-01,1
 7.4219E-01,1
 7.4219E-01,1
 7.4219E-01,1
 7.4023E-01,1
 7.4219E-01,1
 7.4219E-01,1
 7.4219E-01,1
 7.4121E-01,1
 7.4121E-01,1
 7.4219E-01,1
 7.4414E-01,1
 7.4316E-01,1
 7.4219E-01,1
 7.4316E-01,1
 7.4219E-01,1
 7.4121E-01,1
 7.4219E-01,1
 7.4316E-01,1
 7.4316E-01,1
 7.4219E-01,1
 7.4121E-01,1
 7.4316E-01,1
 7.4121E-01,1
 7.4512E-01,1
 7.4316E-01,1
 7.4512E-01,1
 7.4414E-01,1
 7.4316E-01,1
 7.4316E-01,1
 7.4316E-01,1
 7.4316E-01,1
 7.4414E-01,1
 7.4512E-01,1
 7.4512E-01,1
 7.4512E-01,1
 7.4414E-01,1
 7.4414E-01,1
 7.4609E-01,1
 7.4512E-01,1
 7.4512E-01,1
 7.4512E-01,1
 7.4414E-01,1
 7.4512E-01,1
 7.4512E-01,1
 7.4512E-01,1
 7.4609E-01,1
 7.4609E-01,1
 7.4609E-01,1
 7.4609E-01,1
 7.4707E-01,1
 7.4902E-01,1
 7.4707E-01,1
 7.4707E-01,1
 7.4609E-01,1
 7.4512E-01,1
 7.4609E-01,1
 7.4609E-01,1
 7.4707E-01,1
 7.4707E-01,1
 7.4805E-01,1
 7.4805E-01,1
 7.4609E-01,1
 7.4707E-01,1
 7.4805E-01,1
 7.4902E-01,1
 7.4902E-01,1
 7.4805E-01,1
 7.4609E-01,1
 7.4805E-01,1
 7.4902E-01,1
 7.4902E-01,1
 7.5000E-01,1
 7.5000E-01,1
 7.4707E-01,1
 7.4902E-01,1
 7.4805E-01,1
 7.5098E-01,1
 7.4902E-01,1
 7.4805E-01,1
 7.5000E-01,1
 7.4805E-01,1
 7.4902E-01,1
 7.5000E-01,1
 7.5000E-01,1
 7.5098E-01,1
 7.4902E-01,1
 7.5000E-01,1
 7.5000E-01,1
 7.5000E-01,1
 7.5195E-01,1
 7.5098E-01,1
 7.5098E-01,1
 7.5000E-01,1
 7.5000E-01,1
 7.5000E-01,1
 7.5195E-01,1
 7.5195E-01,1
 7.5195E-01,1
 7.5293E-01,1
 7.5098E-01,1
 7.5098E-01,1
 7.5098E-01,1
 7.5195E-01,1
 7.5195E-01,1
 7.5293E-01,1
 7.5293E-01,1
 7.5293E-01,1
 7.5195E-01,1
 7.5391E-01,1
 7.5293E-01,1
 7.5391E-01,1
 7.5391E-01,1
 7.5195E-01,1
 7.5293E-01,1
 7.5293E-01,1
 7.5391E-01,1
 7.5586E-01,1
 7.5391E-01,1
 7.5488E-01,1
 7.5488E-01,1
 7.5195E-01,1
 7.5391E-01,1
 7.5391E-01,1
 7.5586E-01,1
 7.5488E-01,1
 7.5391E-01,1
 7.5391E-01,1
 7.5293E-01,1
 7.5586E-01,1
 7.5586E-01,1
 7.5488E-01,1
 7.5684E-01,1
 7.5391E-01,1
 7.5391E-01,1
 7.5586E-01,1
 7.5391E-01,1
 7.5684E-01,1
 7.5684E-01,1
 7.5586E-01,1
 7.5684E-01,1
 7.5391E-01,1
 7.5586E-01,1
 7.5586E-01,1
 7.5684E-01,1
 7.5781E-01,1
 7.5684E-01,1
 7.5684E-01,1
 7.5781E-01,1
 7.5684E-01,1
 7.5586E-01,1
 7.5684E-01,1
 7.5781E-01,1
 7.5684E-01,1
 7.5684E-01,1
