 1.0742E+00,3,1,1,10-17-17,15:48:28
 1.0713E+00,1
 1.0713E+00,1
 1.0723E+00,1
 1.0732E+00,1
 1.0723E+00,1
 1.0732E+00,1
 1.0732E+00,1
 1.0732E+00,1
 1.0742E+00,1
 1.0723E+00,1
 1.0723E+00,1
 1.0723E+00,1
 1.0703E+00,1
 1.0723E+00,1
 1.0723E+00,1
 1.0723E+00,1
 1.0723E+00,1
 1.0723E+00,1
 1.0723E+00,1
 1.0723E+00,1
 1.0752E+00,1
 1.0742E+00,1
 1.0732E+00,1
 1.0723E+00,1
 1.0752E+00,1
 1.0742E+00,1
 1.0732E+00,1
 1.0723E+00,1
 1.0742E+00,1
 1.0732E+00,1
 1.0723E+00,1
 1.0723E+00,1
 1.0742E+00,1
 1.0742E+00,1
 1.0732E+00,1
 1.0742E+00,1
 1.0742E+00,1
 1.0732E+00,1
 1.0752E+00,1
 1.0752E+00,1
 1.0742E+00,1
 1.0742E+00,1
 1.0762E+00,1
 1.0752E+00,1
 1.0732E+00,1
 1.0752E+00,1
 1.0752E+00,1
 1.0752E+00,1
 1.0732E+00,1
 1.0752E+00,1
 1.0732E+00,1
 1.0742E+00,1
 1.0732E+00,1
 1.0732E+00,1
 1.0732E+00,1
 1.0723E+00,1
 1.0732E+00,1
 1.0732E+00,1
 1.0752E+00,1
 1.0762E+00,1
 1.0742E+00,1
 1.0742E+00,1
 1.0742E+00,1
 1.0762E+00,1
 1.0752E+00,1
 1.0742E+00,1
 1.0742E+00,1
 1.0742E+00,1
 1.0742E+00,1
 1.0732E+00,1
 1.0752E+00,1
 1.0742E+00,1
 1.0732E+00,1
 1.0742E+00,1
 1.0752E+00,1
 1.0732E+00,1
 1.0732E+00,1
 1.0742E+00,1
 1.0742E+00,1
 1.0732E+00,1
 1.0742E+00,1
 1.0752E+00,1
 1.0752E+00,1
 1.0742E+00,1
 1.0752E+00,1
 1.0752E+00,1
 1.0752E+00,1
 1.0742E+00,1
 1.0762E+00,1
 1.0752E+00,1
 1.0732E+00,1
 1.0742E+00,1
 1.0762E+00,1
 1.0732E+00,1
 1.0723E+00,1
 1.0732E+00,1
 1.0752E+00,1
 1.0732E+00,1
 1.0732E+00,1
 1.0762E+00,1
 1.0742E+00,1
 1.0732E+00,1
 1.0742E+00,1
 1.0752E+00,1
 1.0742E+00,1
 1.0723E+00,1
 1.0752E+00,1
 1.0742E+00,1
 1.0742E+00,1
 1.0752E+00,1
 1.0752E+00,1
 1.0742E+00,1
 1.0732E+00,1
 1.0752E+00,1
 1.0752E+00,1
 1.0742E+00,1
 1.0723E+00,1
 1.0732E+00,1
 1.0732E+00,1
 1.0752E+00,1
 1.0752E+00,1
 1.0732E+00,1
 1.0742E+00,1
 1.0732E+00,1
 1.0732E+00,1
 1.0752E+00,1
 1.0752E+00,1
 1.0752E+00,1
 1.0732E+00,1
 1.0732E+00,1
 1.0742E+00,1
 1.0742E+00,1
 1.0732E+00,1
 1.0732E+00,1
 1.0742E+00,1
 1.0732E+00,1
 1.0732E+00,1
 1.0723E+00,1
 1.0742E+00,1
 1.0752E+00,1
 1.0732E+00,1
 1.0723E+00,1
 1.0742E+00,1
 1.0752E+00,1
 1.0732E+00,1
 1.0742E+00,1
 1.0762E+00,1
 1.0742E+00,1
 1.0723E+00,1
 1.0742E+00,1
 1.0742E+00,1
 1.0723E+00,1
 1.0723E+00,1
 1.0742E+00,1
 1.0752E+00,1
 1.0732E+00,1
 1.0732E+00,1
 1.0703E+00,1
 1.0693E+00,1
 1.0684E+00,1
 1.0674E+00,3,2,0,10-17-17,15:51:09,"Added 50UL SUCCINATE"
 1.0684E+00,1
 1.0684E+00,1
 1.0674E+00,1
 1.0674E+00,1
 1.0674E+00,1
 1.0684E+00,1
 1.0674E+00,1
 1.0664E+00,1
 1.0664E+00,1
 1.0684E+00,1
 1.0674E+00,1
 1.0645E+00,1
 1.0684E+00,1
 1.0664E+00,1
 1.0654E+00,1
 1.0645E+00,1
 1.0664E+00,1
 1.0664E+00,1
 1.0664E+00,1
 1.0674E+00,1
 1.0664E+00,1
 1.0664E+00,1
 1.0654E+00,1
 1.0645E+00,1
 1.0664E+00,1
 1.0664E+00,1
 1.0664E+00,1
 1.0654E+00,1
 1.0674E+00,1
 1.0654E+00,1
 1.0654E+00,1
 1.0664E+00,1
 1.0654E+00,1
 1.0664E+00,1
 1.0664E+00,1
 1.0664E+00,1
 1.0664E+00,1
 1.0664E+00,1
 1.0684E+00,1
 1.0674E+00,1
 1.0664E+00,1
 1.0674E+00,1
 1.0664E+00,1
 1.0654E+00,1
 1.0654E+00,1
 1.0664E+00,1
 1.0664E+00,1
 1.0654E+00,1
 1.0654E+00,1
 1.0654E+00,1
 1.0654E+00,1
 1.0645E+00,1
 1.0654E+00,1
 1.0645E+00,1
 1.0635E+00,1
 1.0664E+00,1
 1.0664E+00,1
 1.0654E+00,1
 1.0645E+00,1
 1.0674E+00,1
 1.0645E+00,1
 1.0625E+00,1
 1.0635E+00,1
 1.0635E+00,1
 1.0635E+00,1
 1.0635E+00,1
 1.0645E+00,1
 1.0645E+00,1
 1.0645E+00,1
 1.0645E+00,1
 1.0654E+00,1
 1.0645E+00,1
 1.0645E+00,1
 1.0654E+00,1
 1.0654E+00,1
 1.0635E+00,1
 1.0635E+00,1
 1.0635E+00,1
 1.0645E+00,1
 1.0635E+00,1
 1.0635E+00,1
 1.0645E+00,1
 1.0625E+00,1
 1.0625E+00,1
 1.0635E+00,1
 1.0635E+00,1
 1.0645E+00,1
 1.0635E+00,1
 1.0635E+00,1
 1.0645E+00,1
 1.0645E+00,1
 1.0615E+00,1
 1.0625E+00,1
 1.0645E+00,1
 1.0615E+00,1
 1.0625E+00,1
 1.0605E+00,1
 1.0625E+00,1
 1.0625E+00,1
 1.0635E+00,1
 1.0635E+00,1
 1.0615E+00,1
 1.0645E+00,1
 1.0615E+00,1
 1.0615E+00,1
 1.0625E+00,1
 1.0635E+00,1
 1.0635E+00,1
 1.0635E+00,1
 1.0615E+00,1
 1.0605E+00,1
 1.0605E+00,1
 1.0605E+00,1
 1.0605E+00,1
 1.0615E+00,1
 1.0615E+00,1
 1.0605E+00,1
 1.0625E+00,1
 1.0605E+00,1
 1.0596E+00,1
 1.0596E+00,1
 1.0625E+00,1
 1.0625E+00,1
 1.0615E+00,1
 1.0615E+00,1
 1.0615E+00,1
 1.0615E+00,1
 1.0596E+00,1
 1.0596E+00,1
 1.0615E+00,1
 1.0596E+00,1
 1.0605E+00,1
 1.0596E+00,1
 1.0596E+00,1
 1.0586E+00,1
 1.0586E+00,1
 1.0605E+00,1
 1.0596E+00,1
 1.0586E+00,1
 1.0615E+00,1
 1.0615E+00,1
 1.0586E+00,1
 1.0596E+00,1
 1.0605E+00,1
 1.0596E+00,1
 1.0586E+00,1
 1.0586E+00,1
 1.0596E+00,1
 1.0576E+00,1
 1.0586E+00,1
 1.0576E+00,1
 1.0576E+00,1
 1.0586E+00,1
 1.0586E+00,1
 1.0576E+00,1
 1.0586E+00,1
 1.0566E+00,1
 1.0557E+00,1
 1.0566E+00,1
 1.0576E+00,1
 1.0596E+00,1
 1.0605E+00,1
 1.0605E+00,1
 1.0605E+00,3,3,0,10-17-17,15:53:53,"SUCCINATE ADDED"
 1.0615E+00,1
 1.0605E+00,1
 1.0615E+00,1
 1.0625E+00,1
 1.0605E+00,1
 1.0605E+00,1
 1.0586E+00,1
 1.0605E+00,1
 1.0615E+00,1
 1.0615E+00,1
 1.0615E+00,1
 1.0625E+00,1
 1.0625E+00,1
 1.0596E+00,1
 1.0596E+00,1
 1.0596E+00,1
 1.0605E+00,1
 1.0586E+00,1
 1.0586E+00,1
 1.0586E+00,1
 1.0605E+00,1
 1.0605E+00,1
 1.0605E+00,1
 1.0615E+00,1
 1.0615E+00,1
 1.0596E+00,1
 1.0615E+00,1
 1.0605E+00,1
 1.0596E+00,1
 1.0605E+00,1
 1.0596E+00,1
 1.0596E+00,1
 1.0605E+00,1
 1.0605E+00,1
 1.0605E+00,1
 1.0596E+00,1
 1.0586E+00,1
 1.0605E+00,1
 1.0605E+00,1
 1.0586E+00,1
 1.0586E+00,1
 1.0596E+00,1
 1.0596E+00,1
 1.0576E+00,1
 1.0586E+00,1
 1.0596E+00,1
 1.0596E+00,1
 1.0586E+00,1
 1.0586E+00,1
 1.0605E+00,1
 1.0576E+00,1
 1.0547E+00,1
 1.0430E+00,1
 1.0176E+00,1
 1.0000E+00,1
 9.8633E-01,1
 9.8145E-01,1
 9.8047E-01,1
 9.7656E-01,1
 9.7754E-01,1
 9.7754E-01,1
 9.7656E-01,1
 9.7656E-01,1
 9.7754E-01,1
 9.7559E-01,1
 9.7559E-01,1
 9.7656E-01,1
 9.7656E-01,1
 9.7656E-01,1
 9.7461E-01,1
 9.7461E-01,1
 9.7461E-01,1
 9.7461E-01,1
 9.7559E-01,1
 9.7461E-01,1
 9.7461E-01,1
 9.7559E-01,1
 9.7363E-01,1
 9.7461E-01,1
 9.7461E-01,1
 9.7363E-01,1
 9.7363E-01,1
 9.7363E-01,1
 9.7363E-01,1
 9.7266E-01,1
 9.7266E-01,1
 9.7363E-01,1
 9.7266E-01,1
 9.7168E-01,1
 9.7266E-01,1
 9.7070E-01,1
 9.7168E-01,1
 9.7070E-01,1
 9.7363E-01,1
 9.7266E-01,1
 9.7070E-01,1
 9.7168E-01,1
 9.7070E-01,1
 9.7266E-01,1
 9.7266E-01,1
 9.7070E-01,1
 9.7070E-01,1
 9.6973E-01,1
 9.7070E-01,1
 9.6973E-01,1
 9.7168E-01,1
 9.6875E-01,1
 9.6875E-01,1
 9.7070E-01,1
 9.6875E-01,1
 9.6875E-01,1
 9.6973E-01,1
 9.6875E-01,1
 9.6680E-01,1
 9.6777E-01,1
 9.6973E-01,1
 9.6777E-01,1
 9.6680E-01,1
 9.6680E-01,1
 9.6777E-01,1
 9.6680E-01,1
 9.6777E-01,1
 9.6777E-01,1
 9.6680E-01,1
 9.6777E-01,1
 9.6582E-01,1
 9.6582E-01,1
 9.6777E-01,1
 9.6680E-01,1
 9.6484E-01,1
 9.6484E-01,1
 9.6094E-01,1
 9.5410E-01,1
 9.4922E-01,1
 9.4531E-01,1
 9.4727E-01,1
 9.5020E-01,1
 9.5313E-01,1
 9.5508E-01,1
 9.5410E-01,1
 9.5801E-01,1
 9.6289E-01,1
 9.6191E-01,1
 9.5898E-01,1
 9.5215E-01,1
 9.4043E-01,1
 9.2773E-01,1
 9.1504E-01,1
 9.0625E-01,1
 9.0234E-01,1
 8.9941E-01,1
 9.0137E-01,1
 9.0625E-01,1
 9.0137E-01,1
 8.8574E-01,1
 8.6914E-01,1
 8.7012E-01,1
 9.0039E-01,1
 9.4043E-01,1
 9.7168E-01,1
 9.9316E-01,1
 1.0078E+00,1
 1.0156E+00,1
 1.0205E+00,1
 1.0234E+00,1
 1.0234E+00,1
 1.0244E+00,1
 1.0264E+00,1
 1.0273E+00,1
 1.0254E+00,1
 1.0264E+00,1
 1.0254E+00,1
 1.0254E+00,1
 1.0254E+00,1
 1.0264E+00,1
 1.0264E+00,1
 1.0273E+00,1
 1.0254E+00,1
 1.0254E+00,1
 1.0254E+00,1
 1.0254E+00,1
 1.0254E+00,1
 1.0273E+00,1
 1.0273E+00,1
 1.0234E+00,1
 1.0186E+00,1
 1.0127E+00,1
 1.0029E+00,1
 9.8828E-01,1
 9.6680E-01,1
 9.3652E-01,1
 9.0234E-01,1
 8.6816E-01,1
 8.4277E-01,1
 8.1641E-01,1
 7.9199E-01,1
 7.7246E-01,1
 7.5684E-01,1
 7.4121E-01,1
 7.2852E-01,1
 7.1582E-01,1
 7.0605E-01,1
 6.9629E-01,1
 6.8555E-01,1
 6.7676E-01,1
 6.6895E-01,1
 6.6016E-01,1
 6.5332E-01,1
 6.4648E-01,1
 6.3965E-01,1
 6.3281E-01,1
 6.2793E-01,1
 6.2207E-01,1
 6.1719E-01,1
 6.1133E-01,1
 6.0840E-01,1
 6.0352E-01,1
 6.0059E-01,1
 5.9863E-01,1
 5.9766E-01,1
 5.9375E-01,1
 5.9180E-01,1
 5.8887E-01,1
 5.8691E-01,1
 5.8594E-01,1
 5.8496E-01,1
 5.8203E-01,1
 5.8203E-01,1
 5.7910E-01,1
 5.8008E-01,1
 5.7910E-01,1
 5.8496E-01,1
 5.8594E-01,1
 6.3867E-01,1
 7.3535E-01,1
 8.1934E-01,1
 8.7012E-01,1
 8.8867E-01,1
 8.9258E-01,1
 8.9160E-01,1
 8.8770E-01,1
 8.7793E-01,1
 8.6426E-01,1
 8.4863E-01,1
 8.3496E-01,1
 8.2422E-01,1
 8.2129E-01,1
 8.2129E-01,1
 8.2031E-01,1
 8.2031E-01,1
 8.1836E-01,1
 8.0957E-01,1
 8.0176E-01,1
 8.1348E-01,1
 8.4277E-01,1
 8.6621E-01,1
 8.6816E-01,1
 8.5449E-01,1
 8.3984E-01,1
 8.5645E-01,1
 8.9648E-01,1
 9.3750E-01,1
 9.6484E-01,1
 9.8438E-01,1
 9.9512E-01,1
 1.0029E+00,1
 1.0049E+00,1
 1.0068E+00,1
 1.0088E+00,1
 1.0107E+00,1
 1.0098E+00,1
 1.0098E+00,1
 1.0078E+00,1
 1.0098E+00,1
 1.0088E+00,1
 1.0088E+00,1
 1.0107E+00,1
 1.0078E+00,1
 1.0068E+00,1
 1.0078E+00,1
 1.0088E+00,1
 1.0078E+00,1
 1.0098E+00,1
 1.0088E+00,1
 1.0088E+00,1
 1.0098E+00,1
 1.0107E+00,1
 1.0098E+00,1
 1.0078E+00,1
 1.0068E+00,1
 8.8574E-01,1
-7.1289E-02,1
-1.9531E-02,1
 5.1074E-01,1
 1.4082E+00,1
 1.6133E+00,1
 1.4834E+00,1
 1.2998E+00,1
 1.1641E+00,1
 1.0879E+00,1
 1.0508E+00,1
 1.0303E+00,1
 1.0234E+00,1
 1.0195E+00,1
 1.0156E+00,1
 1.0156E+00,1
 1.0146E+00,1
 1.0146E+00,1
 1.0137E+00,1
 1.0127E+00,1
 1.0137E+00,1
 1.0137E+00,1
 1.0117E+00,1
 1.0117E+00,1
 1.0107E+00,1
 1.0107E+00,1
 1.0107E+00,1
 1.0117E+00,1
