 1.0752E+00,3,1,1,10-17-17,16:54:23
 1.0762E+00,1
 1.0762E+00,1
 1.0742E+00,1
 1.0762E+00,1
 1.0762E+00,1
 1.0762E+00,1
 1.0771E+00,1
 1.0771E+00,1
 1.0762E+00,1
 1.0781E+00,1
 1.0771E+00,1
 1.0781E+00,1
 1.0781E+00,1
 1.0791E+00,1
 1.0791E+00,1
 1.0781E+00,1
 1.0781E+00,1
 1.0791E+00,1
 1.0791E+00,1
 1.0801E+00,1
 1.0791E+00,1
 1.0791E+00,1
 1.0791E+00,1
 1.0801E+00,1
 1.0801E+00,1
 1.0811E+00,1
 1.0811E+00,1
 1.0811E+00,1
 1.0801E+00,1
 1.0820E+00,1
 1.0801E+00,1
 1.0791E+00,1
 1.0801E+00,1
 1.0791E+00,1
 1.0801E+00,1
 1.0781E+00,1
 1.0791E+00,1
 1.0791E+00,1
 1.0791E+00,1
 1.0762E+00,1
 1.0771E+00,1
 1.0771E+00,1
 1.0762E+00,1
 1.0771E+00,1
 1.0762E+00,1
 1.0771E+00,1
 1.0762E+00,1
 1.0781E+00,1
 1.0781E+00,1
 1.0781E+00,1
 1.0771E+00,1
 1.0801E+00,1
 1.0781E+00,1
 1.0781E+00,1
 1.0762E+00,1
 1.0771E+00,1
 1.0781E+00,1
 1.0781E+00,1
 1.0771E+00,1
 1.0762E+00,1
 1.0771E+00,1
 1.0781E+00,1
 1.0762E+00,1
 1.0771E+00,1
 1.0781E+00,1
 1.0781E+00,1
 1.0781E+00,1
 1.0791E+00,1
 1.0781E+00,1
 1.0771E+00,1
 1.0791E+00,1
 1.0781E+00,1
 1.0791E+00,1
 1.0771E+00,1
 1.0781E+00,1
 1.0791E+00,1
 1.0791E+00,1
 1.0791E+00,1
 1.0801E+00,1
 1.0781E+00,1
 1.0801E+00,1
 1.0781E+00,1
 1.0791E+00,1
 1.0781E+00,1
 1.0801E+00,1
 1.0791E+00,1
 1.0791E+00,1
 1.0791E+00,1
 1.0791E+00,1
 1.0801E+00,1
 1.0791E+00,1
 1.0791E+00,1
 1.0791E+00,1
 1.0801E+00,1
 1.0791E+00,1
 1.0801E+00,1
 1.0791E+00,1
 1.0801E+00,1
 1.0791E+00,1
 1.0811E+00,1
 1.0791E+00,1
 1.0791E+00,1
 1.0801E+00,1
 1.0791E+00,1
 1.0801E+00,1
 1.0801E+00,1
 1.0791E+00,1
 1.0801E+00,1
 1.0820E+00,1
 1.0811E+00,1
 1.0811E+00,1
 1.0791E+00,1
 1.0791E+00,1
 1.0791E+00,1
 1.0801E+00,1
 1.0820E+00,1
 1.0820E+00,1
 1.0811E+00,1
 1.0820E+00,1
 1.0811E+00,1
 1.0801E+00,1
 1.0811E+00,1
 1.0801E+00,1
 1.0820E+00,1
 1.0820E+00,1
 1.0820E+00,1
 1.0801E+00,1
 1.0801E+00,1
 1.0801E+00,1
 1.0791E+00,1
 1.0781E+00,1
 1.0801E+00,1
 1.0791E+00,1
 1.0801E+00,1
 1.0801E+00,1
 1.0791E+00,1
 1.0811E+00,1
 1.0811E+00,1
 1.0791E+00,1
 1.0781E+00,1
 1.0781E+00,1
 1.0801E+00,1
 1.0801E+00,1
 1.0791E+00,1
 1.0781E+00,1
 1.0781E+00,1
 1.0801E+00,1
 1.0791E+00,1
 1.0791E+00,1
 1.0791E+00,1
 1.0781E+00,1
 1.0791E+00,1
 1.0791E+00,1
 1.0791E+00,1
 1.0781E+00,1
 1.0791E+00,1
 1.0771E+00,1
 1.0781E+00,1
 1.0781E+00,1
 1.0791E+00,1
 1.0791E+00,1
 1.0791E+00,1
 1.0781E+00,1
 1.0771E+00,1
 1.0791E+00,1
 1.0781E+00,1
 1.0781E+00,1
 1.0771E+00,1
 1.0771E+00,1
 1.0781E+00,1
 1.0781E+00,1
 1.0781E+00,1
 1.0762E+00,1
 1.0762E+00,1
 1.0762E+00,1
 1.0762E+00,1
 1.0752E+00,1
 1.0771E+00,1
 1.0781E+00,1
 1.0771E+00,1
 1.0781E+00,1
 1.0762E+00,1
 1.0771E+00,1
 1.0752E+00,1
 1.0762E+00,1
 1.0752E+00,1
 1.0762E+00,1
 1.0762E+00,1
 1.0771E+00,1
 1.0771E+00,1
 1.0762E+00,1
 1.0752E+00,1
 1.0762E+00,1
 1.0742E+00,1
 1.0752E+00,3,2,0,10-17-17,16:57:38,"NADH"
 1.0723E+00,1
 1.0752E+00,1
 1.0752E+00,1
 1.0742E+00,1
 1.0742E+00,1
 1.0732E+00,1
 1.0762E+00,1
 1.0742E+00,1
 1.0752E+00,1
 1.0752E+00,1
 1.0752E+00,1
 1.0762E+00,1
 1.0762E+00,1
 1.0752E+00,1
 1.0762E+00,1
 1.0752E+00,1
 1.0752E+00,1
 1.0771E+00,1
 1.0762E+00,1
 1.0762E+00,1
 1.0762E+00,1
 1.0752E+00,1
 1.0762E+00,1
 1.0752E+00,1
 1.0762E+00,1
 1.0762E+00,1
 1.0742E+00,1
 1.0752E+00,1
 1.0752E+00,1
 1.0762E+00,1
 1.0752E+00,1
 1.0752E+00,1
 1.0762E+00,1
 1.0762E+00,1
 1.0781E+00,1
 1.0771E+00,1
 1.0762E+00,1
 1.0771E+00,1
 1.0762E+00,1
 1.0771E+00,1
 1.0762E+00,1
 1.0752E+00,1
 1.0762E+00,1
 1.0781E+00,1
 1.0752E+00,1
 1.0771E+00,1
 1.0762E+00,1
 1.0762E+00,1
 1.0771E+00,1
 1.0762E+00,1
 1.0771E+00,1
 1.0771E+00,1
 1.0771E+00,1
 1.0752E+00,1
 1.0762E+00,1
 1.0762E+00,1
 1.0762E+00,1
 1.0762E+00,1
 1.0762E+00,1
 1.0762E+00,1
 1.0771E+00,1
 1.0762E+00,1
 1.0752E+00,1
 1.0762E+00,1
 1.0762E+00,1
 1.0752E+00,1
 1.0762E+00,1
 1.0762E+00,1
 1.0762E+00,1
 1.0752E+00,1
 1.0752E+00,1
 1.0752E+00,1
 1.0762E+00,1
 1.0752E+00,1
 1.0752E+00,1
 1.0752E+00,1
 1.0752E+00,1
 1.0752E+00,1
 1.0752E+00,1
 1.0752E+00,1
 1.0742E+00,1
 1.0752E+00,1
 1.0752E+00,1
 1.0752E+00,1
 1.0752E+00,1
 1.0742E+00,1
 1.0762E+00,1
 1.0752E+00,1
 1.0742E+00,1
 1.0713E+00,1
 1.0732E+00,1
 1.0742E+00,1
 1.0723E+00,1
 1.0703E+00,1
 1.0703E+00,1
 1.0713E+00,1
 1.0703E+00,1
 1.0703E+00,1
 1.0693E+00,1
 1.0703E+00,1
 1.0703E+00,1
 1.0713E+00,1
 1.0693E+00,1
 1.0703E+00,1
 1.0703E+00,1
 1.0693E+00,1
 1.0703E+00,1
 1.0703E+00,1
 1.0713E+00,1
 1.0723E+00,1
 1.0703E+00,1
 1.0713E+00,1
 1.0713E+00,1
 1.0703E+00,1
 1.0723E+00,1
 1.0713E+00,1
 1.0732E+00,1
 1.0703E+00,1
 1.0723E+00,1
 1.0732E+00,1
 1.0840E+00,1
 1.1162E+00,1
 1.1016E+00,1
 1.0859E+00,1
 1.0684E+00,1
 1.0488E+00,1
 1.0342E+00,1
 1.0205E+00,1
 1.0107E+00,1
 1.0039E+00,1
 1.0020E+00,1
 1.0000E+00,1
 1.0049E+00,1
 1.0059E+00,1
 1.3252E+00,1
 1.9111E+00,1
 1.8438E+00,1
 1.6084E+00,1
 1.4316E+00,1
 1.2979E+00,1
 1.6992E+00,1
 1.9082E+00,1
 1.5869E+00,1
 1.3330E+00,1
 1.2813E+00,1
 1.9668E+00,1
 3.8672E+00,1
 4.0625E+00,1
 4.0635E+00,1
 4.0625E+00,1
 4.0625E+00,1
 4.0635E+00,1
 4.0615E+00,1
 4.0625E+00,1
 4.0625E+00,1
 4.0635E+00,1
 3.8105E+00,1
 2.6357E+00,1
 1.8213E+00,1
 1.3721E+00,1
 1.1523E+00,1
 1.1387E+00,1
 1.2393E+00,1
 1.2754E+00,1
 1.2686E+00,1
 1.1797E+00,1
 1.0615E+00,1
 9.7461E-01,1
 9.0723E-01,1
 8.5742E-01,1
 8.2617E-01,1
 7.9785E-01,1
 7.7930E-01,1
 7.6465E-01,1
 7.4609E-01,1
 7.6074E-01,1
 7.5586E-01,1
 7.4121E-01,1
 7.2852E-01,1
 7.2363E-01,1
 7.1191E-01,1
 7.0117E-01,1
 6.9336E-01,1
 6.9043E-01,1
 6.8750E-01,1
 6.8652E-01,1
 6.8457E-01,1
 6.8359E-01,1
 6.8262E-01,1
 6.8457E-01,1
 6.8457E-01,1
 6.8555E-01,1
 6.8555E-01,1
 6.8652E-01,1
 6.8750E-01,1
 6.8652E-01,1
 6.8359E-01,1
 6.8262E-01,1
 6.8262E-01,1
 6.8359E-01,1
 6.8262E-01,1
 6.8262E-01,1
 6.8359E-01,1
 6.8262E-01,1
 6.8262E-01,1
 6.8262E-01,1
 6.8262E-01,1
 6.8164E-01,1
 6.8066E-01,1
 6.8066E-01,1
 6.7871E-01,1
 6.7969E-01,1
 6.8164E-01,1
 6.8359E-01,1
 6.8555E-01,1
 6.8359E-01,1
 6.8457E-01,1
 6.8555E-01,1
 6.8457E-01,1
 6.8457E-01,1
 6.8457E-01,1
 6.8652E-01,1
 6.8457E-01,1
 6.8652E-01,1
 6.8652E-01,1
 7.0117E-01,1
 7.6953E-01,1
 7.5781E-01,1
 9.1309E-01,1
 1.6162E+00,1
 1.5820E+00,1
 1.6426E+00,1
 3.2080E+00,1
 4.0625E+00,1
 4.0645E+00,1
 3.3057E+00,1
 2.1211E+00,1
 1.3887E+00,1
 1.0039E+00,1
 8.2227E-01,1
 7.4219E-01,1
 7.0898E-01,1
 6.9141E-01,1
 6.8066E-01,1
 6.6992E-01,1
 6.6309E-01,1
 6.5625E-01,1
 6.4941E-01,1
 6.4551E-01,1
 6.4063E-01,1
 6.3965E-01,1
 6.3965E-01,1
 6.3574E-01,1
 6.3477E-01,1
 6.3379E-01,1
 6.3379E-01,1
 6.3477E-01,1
 6.3379E-01,1
 6.3379E-01,1
 6.3379E-01,1
 6.3379E-01,1
 6.3379E-01,1
 6.3574E-01,1
 6.3672E-01,1
 6.3574E-01,1
 6.3672E-01,1
 6.3672E-01,1
 6.3672E-01,1
 6.3867E-01,1
 6.3867E-01,1
 6.4063E-01,1
 6.3965E-01,1
 6.4063E-01,1
 6.4160E-01,1
 6.4160E-01,1
 6.4258E-01,1
 6.4160E-01,1
 6.4258E-01,1
 6.4258E-01,1
 6.4453E-01,1
 6.4551E-01,1
 6.4648E-01,1
 6.4746E-01,1
 6.4551E-01,1
 6.4746E-01,1
 6.4746E-01,1
 6.4551E-01,1
 6.4648E-01,1
 6.4746E-01,1
 6.4648E-01,1
 6.4648E-01,1
 6.4746E-01,1
 6.4941E-01,1
 6.4844E-01,1
 6.4941E-01,1
 6.4941E-01,1
 6.4941E-01,1
 6.4941E-01,1
 6.5039E-01,1
 6.5039E-01,1
 6.5137E-01,1
 6.5137E-01,1
 6.5137E-01,1
 6.5137E-01,1
 6.5039E-01,1
 6.5137E-01,1
 6.5332E-01,1
 6.5234E-01,1
 6.5234E-01,1
 6.5430E-01,1
 6.5430E-01,1
 6.5430E-01,1
 6.5430E-01,1
 6.5430E-01,1
 6.5430E-01,1
 6.5527E-01,1
 6.5527E-01,1
 6.5527E-01,1
 6.5625E-01,1
 6.5527E-01,1
 6.5430E-01,1
 6.5625E-01,1
 6.5723E-01,1
 6.5723E-01,1
 6.5625E-01,1
 6.5527E-01,1
 6.5820E-01,1
 6.5723E-01,1
 6.5918E-01,1
 6.5723E-01,1
 6.5723E-01,1
 6.5723E-01,1
 6.5723E-01,1
 6.5820E-01,1
 6.5723E-01,1
 6.5820E-01,1
 6.5918E-01,1
 6.5820E-01,1
 6.5918E-01,1
 6.6016E-01,1
 6.5918E-01,1
 6.5820E-01,1
 6.5918E-01,1
 6.6113E-01,1
 6.6016E-01,1
 6.5918E-01,1
 6.6016E-01,1
 6.6113E-01,1
 6.6211E-01,1
 6.5918E-01,1
 6.6016E-01,1
 6.6211E-01,1
 6.6016E-01,1
 6.6016E-01,1
 6.6016E-01,1
 6.6016E-01,1
 6.6016E-01,1
 6.6016E-01,1
 6.6016E-01,1
 6.6211E-01,1
 6.6016E-01,1
 6.6016E-01,1
 6.6113E-01,1
 6.6016E-01,1
 6.6016E-01,1
 6.6113E-01,1
 6.6016E-01,1
 6.6113E-01,1
 6.6113E-01,1
 6.6113E-01,1
 6.6016E-01,1
 6.6113E-01,1
 6.6016E-01,1
 6.6113E-01,1
 6.6113E-01,1
 6.6016E-01,1
 6.6211E-01,1
 6.6113E-01,1
 6.6113E-01,1
 6.6211E-01,1
 6.6016E-01,1
 6.6211E-01,1
 6.6309E-01,1
 6.6113E-01,1
 6.6113E-01,1
 6.6113E-01,1
 6.6113E-01,1
 6.6016E-01,1
 6.6113E-01,1
 6.6016E-01,1
 6.6113E-01,1
 6.6113E-01,1
 6.6016E-01,1
 6.6113E-01,1
 6.6211E-01,1
 6.5918E-01,1
 6.6016E-01,1
 6.6113E-01,1
 6.6113E-01,1
 6.6016E-01,1
 6.6016E-01,1
 6.6113E-01,1
 6.6113E-01,1
 6.6016E-01,1
 6.5918E-01,1
 6.6113E-01,1
 6.6016E-01,1
 6.6016E-01,1
 6.6016E-01,1
 6.6113E-01,1
 6.5918E-01,1
 6.6016E-01,1
 6.5918E-01,1
 6.5918E-01,1
 6.6113E-01,1
 6.6016E-01,1
 6.5918E-01,1
 6.6016E-01,1
 6.6016E-01,1
 6.6016E-01,1
 6.6016E-01,1
 6.5918E-01,1
 6.6016E-01,1
 6.6016E-01,1
 6.5820E-01,1
 6.6016E-01,1
 6.5820E-01,1
 6.6016E-01,1
 6.5820E-01,1
 6.5820E-01,1
 6.6016E-01,1
 6.5820E-01,1
 6.5918E-01,1
 6.6016E-01,1
 6.5820E-01,1
 6.5918E-01,1
 6.5820E-01,1
 6.5918E-01,1
 6.5918E-01,1
 6.5918E-01,1
 6.6016E-01,1
