 1.0596E+00,3,1,1,11-21-17,17:29:44
 1.0596E+00,1
 1.0537E+00,1
 1.0547E+00,1
 1.0605E+00,1
 1.0605E+00,1
 1.0566E+00,1
 1.0596E+00,1
 1.0576E+00,1
 1.0566E+00,1
 1.0576E+00,1
 1.0576E+00,1
 1.0576E+00,1
 1.0576E+00,1
 1.0576E+00,1
 1.0566E+00,1
 1.0576E+00,1
 1.0557E+00,1
 1.0547E+00,1
 1.0576E+00,1
 1.0537E+00,1
 1.0527E+00,1
 1.0547E+00,1
 1.0576E+00,1
 1.0566E+00,1
 1.0566E+00,1
 1.0596E+00,1
 1.0566E+00,1
 1.0547E+00,1
 1.0508E+00,1
 1.0498E+00,1
 1.0518E+00,1
 1.0518E+00,1
 1.0518E+00,1
 1.0518E+00,1
 1.0527E+00,1
 1.0498E+00,1
 1.0479E+00,1
 1.0498E+00,1
 1.0479E+00,1
 1.0488E+00,1
 1.0527E+00,1
 1.0537E+00,1
 1.0498E+00,1
 1.0479E+00,1
 1.0508E+00,1
 1.0469E+00,1
 1.0459E+00,1
 1.0469E+00,1
 1.0479E+00,1
 1.0479E+00,1
 1.0479E+00,1
 1.0498E+00,1
 1.0488E+00,1
 1.0439E+00,1
 1.0449E+00,1
 1.0459E+00,1
 1.0439E+00,1
 1.0459E+00,1
 1.0479E+00,1
 1.0488E+00,1
 1.0449E+00,1
 1.0410E+00,1
 1.0439E+00,1
 1.0449E+00,1
 1.0420E+00,1
 1.0430E+00,1
 1.0439E+00,1
 1.0439E+00,1
 1.0430E+00,1
 1.0439E+00,1
 1.0439E+00,1
 1.0410E+00,1
 1.0381E+00,1
 1.0420E+00,1
 1.0381E+00,1
 1.0371E+00,1
 1.0410E+00,1
 1.0439E+00,1
 1.0410E+00,1
 1.0371E+00,1
 1.0391E+00,1
 1.0381E+00,1
 1.0352E+00,1
 1.0352E+00,1
 1.0400E+00,1
 1.0381E+00,1
 1.0352E+00,1
 1.0400E+00,1
 1.0410E+00,1
 1.0361E+00,1
 1.0361E+00,1
 1.0371E+00,1
 1.0352E+00,1
 1.0332E+00,1
 1.0381E+00,1
 1.0410E+00,1
 1.0352E+00,1
 1.0322E+00,1
 1.0361E+00,1
 1.0352E+00,1
 1.0342E+00,1
 1.0352E+00,1
 1.0371E+00,1
 1.0342E+00,1
 1.0332E+00,1
 1.0371E+00,1
 1.0361E+00,1
 1.0313E+00,1
 1.0332E+00,1
 1.0342E+00,1
 1.0322E+00,1
 1.0352E+00,1
 1.0352E+00,1
 1.0313E+00,1
 1.0293E+00,1
 1.0293E+00,1
 1.0293E+00,1
 1.0273E+00,1
 1.0313E+00,1
 1.0303E+00,1
 1.0273E+00,1
 1.0322E+00,1
 1.0352E+00,1
 1.0303E+00,1
 1.0273E+00,1
 1.0283E+00,1
 1.0283E+00,1
 1.0273E+00,1
 1.0303E+00,1
 1.0303E+00,1
 1.0273E+00,1
 1.0264E+00,1
 1.0283E+00,1
 1.0254E+00,1
 1.0215E+00,1
 1.0273E+00,1
 1.0273E+00,1
 1.0254E+00,1
 1.0244E+00,1
 1.0273E+00,1
 1.0273E+00,1
 1.0244E+00,1
 1.0244E+00,1
 1.0254E+00,1
 1.0244E+00,1
 1.0225E+00,1
 1.0273E+00,1
 1.0293E+00,1
 1.0254E+00,1
 1.0225E+00,1
 1.0244E+00,1
 1.0234E+00,1
 1.0215E+00,1
 1.0234E+00,1
 1.0244E+00,1
 1.0225E+00,1
 1.0234E+00,1
 1.0264E+00,1
 1.0195E+00,1
 1.0215E+00,3,2,0,11-21-17,17:32:24,"50UL SUCCINATE"
 1.0205E+00,1
 1.0186E+00,1
 1.0176E+00,1
 1.0225E+00,1
 1.0205E+00,1
 1.0156E+00,1
 1.0146E+00,1
 1.0146E+00,1
 1.0117E+00,1
 1.0146E+00,1
 1.0146E+00,1
 1.0117E+00,1
 1.0107E+00,1
 1.0117E+00,1
 1.0068E+00,1
 1.0039E+00,1
 1.0059E+00,1
 1.0010E+00,1
 1.0010E+00,1
 1.0039E+00,1
 1.0020E+00,1
 1.0000E+00,1
 1.0010E+00,1
 9.9805E-01,1
 9.9512E-01,1
 9.9414E-01,1
 9.9023E-01,1
 9.9023E-01,1
 9.9121E-01,1
 9.8926E-01,1
 9.8633E-01,1
 9.8828E-01,1
 9.8633E-01,1
 9.8340E-01,1
 9.8535E-01,1
 9.8535E-01,1
 9.8438E-01,1
 9.8047E-01,1
 9.7656E-01,1
 9.7949E-01,1
 9.7656E-01,1
 9.7656E-01,1
 9.7559E-01,1
 9.7559E-01,1
 9.7461E-01,1
 9.7266E-01,1
 9.6973E-01,1
 9.6680E-01,1
 9.6875E-01,1
 9.6680E-01,1
 9.6777E-01,1
 9.6973E-01,1
 9.6777E-01,1
 9.6484E-01,1
 9.6191E-01,1
 9.6094E-01,1
 9.5801E-01,1
 9.6191E-01,1
 9.6094E-01,1
 9.5801E-01,1
 9.5801E-01,1
 9.5605E-01,1
 9.5313E-01,1
 9.5410E-01,1
 9.5508E-01,1
 9.5117E-01,1
 9.5020E-01,1
 9.5410E-01,1
 9.5117E-01,1
 9.4727E-01,1
 9.4629E-01,1
 9.4727E-01,1
 9.4434E-01,1
 9.4824E-01,1
 9.4629E-01,1
 9.4238E-01,1
 9.4238E-01,1
 9.4238E-01,1
 9.3750E-01,1
 9.3945E-01,1
 9.4043E-01,1
 9.3652E-01,1
 9.3750E-01,1
 9.4043E-01,1
 9.3555E-01,1
 9.3262E-01,1
 9.3457E-01,1
 9.3066E-01,1
 9.2969E-01,1
 9.3359E-01,1
 9.3164E-01,1
 9.2676E-01,1
 9.2871E-01,1
 9.2676E-01,1
 9.2285E-01,1
 9.2383E-01,1
 9.2480E-01,1
 9.2188E-01,1
 9.2188E-01,1
 9.2480E-01,1
 9.2090E-01,1
 9.1895E-01,1
 9.1797E-01,1
 9.1602E-01,1
 9.1504E-01,1
 9.1406E-01,1
 9.1406E-01,1
 9.1406E-01,1
 9.1602E-01,1
 9.1406E-01,1
 9.1016E-01,1
 9.0918E-01,1
 9.0820E-01,1
 9.0820E-01,1
 9.0723E-01,1
 9.0820E-01,1
 9.0820E-01,1
 9.0527E-01,1
 9.0234E-01,1
 9.0039E-01,1
 8.9941E-01,1
 8.9941E-01,1
 9.0039E-01,1
 8.9941E-01,1
 9.0039E-01,1
 8.9746E-01,1
 8.9648E-01,1
 8.9453E-01,1
 8.9160E-01,1
 8.8965E-01,1
 8.9453E-01,1
 8.9453E-01,1
 8.9063E-01,1
 8.8965E-01,1
 8.8965E-01,1
 8.8672E-01,1
 8.8477E-01,1
 8.8281E-01,1
 8.8477E-01,1
 8.8574E-01,1
 8.8574E-01,1
 8.8281E-01,1
 8.8281E-01,1
 8.8184E-01,1
 8.7695E-01,1
 8.7891E-01,1
 8.8184E-01,1
 8.8086E-01,1
 8.7793E-01,1
 8.7695E-01,1
 8.7598E-01,1
 8.7305E-01,1
 8.7500E-01,1
 8.7500E-01,1
 8.7500E-01,1
 8.7598E-01,1
 8.7305E-01,1
 8.7012E-01,1
 8.6914E-01,1
 8.6914E-01,1
 8.6816E-01,1
 8.7012E-01,1
 8.6914E-01,1
 8.6719E-01,1
 8.6719E-01,1
 8.6426E-01,1
 8.6133E-01,1
 8.6328E-01,1
 8.6523E-01,1
 8.6035E-01,1
 8.5938E-01,1
 8.5938E-01,1
 8.5938E-01,1
 8.6035E-01,1
 8.5742E-01,1
 8.5938E-01,1
 8.5938E-01,1
 8.6035E-01,1
 8.5742E-01,1
 8.5547E-01,1
 8.5547E-01,1
 8.5254E-01,1
 8.5254E-01,1
 8.5059E-01,1
 8.5156E-01,1
 8.5156E-01,1
 8.5059E-01,1
 8.5254E-01,1
 8.4863E-01,1
 8.4863E-01,1
 8.4863E-01,1
 8.4375E-01,1
 8.4180E-01,1
 8.4570E-01,1
 8.4570E-01,1
 8.4180E-01,1
 8.4473E-01,1
 8.4375E-01,1
 8.4082E-01,1
 8.4180E-01,1
 8.4180E-01,1
 8.3984E-01,1
 8.4180E-01,1
 8.4082E-01,1
 8.3789E-01,1
 8.3887E-01,1
 8.3691E-01,1
 8.3496E-01,1
 8.3789E-01,1
 8.3691E-01,1
 8.3398E-01,1
 8.3398E-01,1
 8.3398E-01,1
 8.3105E-01,1
 8.3301E-01,1
 8.3105E-01,1
 8.2910E-01,1
 8.3203E-01,1
 8.3203E-01,1
 8.2520E-01,1
 8.2715E-01,1
 8.2520E-01,1
 8.2324E-01,1
 8.2813E-01,1
 8.2813E-01,1
 8.2227E-01,1
 8.2422E-01,1
 8.2520E-01,1
 8.2129E-01,1
 8.2129E-01,1
 8.2129E-01,1
 8.2031E-01,1
 8.2031E-01,1
 8.2129E-01,1
 8.1836E-01,1
 8.1934E-01,1
 8.1641E-01,1
 8.1348E-01,1
 8.1738E-01,1
 8.1738E-01,1
 8.1445E-01,1
 8.1543E-01,1
 8.1250E-01,1
 8.1250E-01,1
 8.1250E-01,1
 8.1152E-01,1
 8.1152E-01,1
 8.1250E-01,1
 8.1152E-01,1
 8.0957E-01,1
 8.0957E-01,1
 8.0762E-01,1
 8.0469E-01,1
 8.0859E-01,1
 8.0762E-01,1
 8.0762E-01,1
 8.0566E-01,1
 8.0469E-01,1
 8.0176E-01,1
 7.9980E-01,1
 8.0078E-01,1
 8.0273E-01,1
 8.0371E-01,1
 8.0273E-01,1
 8.0078E-01,1
 7.9980E-01,1
 7.9395E-01,1
 7.9590E-01,1
 8.0078E-01,1
 7.9883E-01,1
 7.9883E-01,1
 7.9492E-01,1
 7.9395E-01,1
 7.9590E-01,1
 7.9395E-01,1
 7.9590E-01,1
 7.9297E-01,1
 7.9297E-01,1
 7.9004E-01,1
 7.9004E-01,1
 7.9199E-01,1
 7.8711E-01,1
 7.9102E-01,1
 7.9004E-01,1
 7.8613E-01,1
 7.8613E-01,1
 7.8613E-01,1
 7.8418E-01,1
 7.8613E-01,1
 7.8516E-01,1
 7.8516E-01,1
 7.8613E-01,1
 7.8320E-01,1
 7.8027E-01,1
 7.8125E-01,1
 7.7930E-01,1
 7.8125E-01,1
 7.8320E-01,1
 7.7832E-01,1
 7.7637E-01,1
 7.7734E-01,1
 7.7441E-01,1
 7.7539E-01,1
 7.7637E-01,1
 7.7637E-01,1
 7.7637E-01,1
 7.7344E-01,1
 7.7051E-01,1
 7.7246E-01,1
 7.7051E-01,1
 7.7051E-01,1
 7.7344E-01,1
 7.7051E-01,1
 7.6758E-01,1
 7.6758E-01,1
 7.6758E-01,1
 7.6758E-01,1
 7.6465E-01,1
 7.6660E-01,1
 7.6660E-01,1
 7.6660E-01,1
 7.6660E-01,1
 7.6270E-01,1
 7.6074E-01,1
 7.6172E-01,1
 7.6465E-01,1
 7.6465E-01,1
 7.6367E-01,3,3,0,11-21-17,17:37:52,"50UL 50UM TPZ"
 7.6367E-01,1
 7.6563E-01,1
 7.6465E-01,1
 7.6563E-01,1
 7.6563E-01,1
 7.6367E-01,1
 7.6563E-01,1
 7.6563E-01,1
 7.6270E-01,1
 7.6270E-01,1
 7.6367E-01,1
 7.6563E-01,1
 7.6563E-01,1
 7.6367E-01,1
 7.5977E-01,1
 7.6074E-01,1
 7.6074E-01,1
 7.5879E-01,1
 7.5879E-01,1
 7.5879E-01,1
 7.6074E-01,1
 7.6172E-01,1
 7.5781E-01,1
 7.5488E-01,1
 7.5586E-01,1
 7.5684E-01,1
 7.5977E-01,1
 7.5879E-01,1
 7.5684E-01,1
 7.5684E-01,1
 7.5586E-01,1
 7.5391E-01,1
 7.5586E-01,1
 7.5586E-01,1
 7.5293E-01,1
 7.5488E-01,1
 7.5488E-01,1
 7.5098E-01,1
 7.5195E-01,1
 7.5391E-01,1
 7.5391E-01,1
 7.5391E-01,1
 7.5098E-01,1
 7.5195E-01,1
 7.5000E-01,1
 7.5098E-01,1
 7.5195E-01,1
 7.4805E-01,1
 7.4902E-01,1
 7.4902E-01,1
 7.4902E-01,1
 7.4707E-01,1
 7.4707E-01,1
 7.4805E-01,1
 7.5098E-01,1
 7.4609E-01,1
 7.4512E-01,1
 7.4707E-01,1
 7.4609E-01,1
 7.4609E-01,1
 7.4512E-01,1
 7.4219E-01,1
 7.4512E-01,1
 7.4902E-01,1
 7.4414E-01,1
 7.4023E-01,1
 7.4414E-01,1
 7.3926E-01,1
 7.3926E-01,1
 7.4316E-01,1
 7.4316E-01,1
 7.3926E-01,1
 7.4023E-01,1
 7.3730E-01,1
 7.3730E-01,1
 7.4219E-01,1
 7.3730E-01,1
 7.3730E-01,1
 7.4023E-01,1
 7.3828E-01,1
 7.3535E-01,1
 7.3633E-01,1
 7.3535E-01,1
 7.3535E-01,1
 7.4023E-01,1
 7.3730E-01,1
 7.3340E-01,1
 7.3438E-01,1
 7.3340E-01,1
 7.3438E-01,1
 7.3438E-01,1
 7.3340E-01,1
 7.3340E-01,1
 7.3438E-01,1
 7.3242E-01,1
 7.3242E-01,1
 7.3242E-01,1
 7.2852E-01,1
 7.3145E-01,1
 7.3438E-01,1
 7.2949E-01,1
 7.2852E-01,1
 7.3047E-01,1
 7.2754E-01,1
 7.2852E-01,1
 7.2949E-01,1
 7.2754E-01,1
 7.2754E-01,1
 7.2754E-01,1
 7.2656E-01,1
 7.2656E-01,1
 7.2266E-01,1
 7.2461E-01,1
 7.2656E-01,1
 7.2656E-01,1
 7.2852E-01,1
 7.2363E-01,1
 7.1875E-01,1
 7.2070E-01,1
 7.2168E-01,1
 7.2461E-01,1
 7.2363E-01,1
 7.2070E-01,1
 7.1973E-01,1
 7.1875E-01,1
 7.1777E-01,1
 7.2168E-01,1
 7.2168E-01,1
 7.1875E-01,1
 7.1875E-01,1
 7.1387E-01,1
 7.1484E-01,1
 7.1777E-01,1
 7.1777E-01,1
 7.1875E-01,1
 7.1680E-01,1
 7.1484E-01,1
 7.1582E-01,1
 7.1582E-01,1
 7.1484E-01,1
 7.1680E-01,1
 7.1484E-01,1
 7.1387E-01,1
 7.1484E-01,1
 7.1191E-01,1
 7.1191E-01,1
 7.1484E-01,1
 7.1191E-01,1
 7.1289E-01,1
 7.1289E-01,1
 7.0996E-01,1
 7.1191E-01,1
 7.1094E-01,1
 7.0996E-01,1
 7.1387E-01,1
 7.0996E-01,1
 7.0996E-01,1
 7.0996E-01,1
 7.0801E-01,1
 7.0801E-01,1
 7.0703E-01,1
 7.0801E-01,1
 7.0996E-01,1
 7.0605E-01,1
 7.0410E-01,1
 7.0605E-01,1
 7.0508E-01,1
 7.0703E-01,1
 7.0410E-01,1
 7.0410E-01,1
 7.0410E-01,1
 7.0410E-01,1
 7.0117E-01,1
 6.9922E-01,1
 7.0410E-01,1
 7.0313E-01,1
 7.0508E-01,1
 7.0215E-01,1
 6.9824E-01,1
 6.9922E-01,1
 7.0215E-01,1
 7.0215E-01,1
 7.0117E-01,1
 6.9824E-01,1
 6.9727E-01,1
 6.9922E-01,1
 6.9824E-01,1
 6.9727E-01,1
 6.9727E-01,1
 6.9922E-01,1
 7.0020E-01,1
 6.9727E-01,1
 6.9336E-01,1
 6.9531E-01,1
 6.9629E-01,1
 6.9629E-01,1
 6.9727E-01,1
 6.9336E-01,1
 6.9336E-01,1
 6.9336E-01,1
 6.9238E-01,1
 6.9434E-01,1
 6.9531E-01,1
 6.9434E-01,1
 6.8945E-01,1
 6.8945E-01,1
 6.9043E-01,1
 6.9336E-01,1
 6.9238E-01,1
 6.9043E-01,1
 6.8945E-01,1
 6.8848E-01,1
 6.8750E-01,1
 6.8848E-01,1
 6.8750E-01,1
 6.8945E-01,1
 6.8945E-01,1
 6.8652E-01,1
