 1.0713E+00,3,1,1,11-07-17,18:48:46
 1.0703E+00,1
 1.0684E+00,1
 1.0713E+00,1
 1.0693E+00,1
 1.0703E+00,1
 1.0732E+00,1
 1.0703E+00,1
 1.0723E+00,1
 1.0732E+00,1
 1.0713E+00,1
 1.0732E+00,1
 1.0713E+00,1
 1.0732E+00,1
 1.0723E+00,1
 1.0732E+00,1
 1.0723E+00,1
 1.0732E+00,1
 1.0723E+00,1
 1.0732E+00,1
 1.0732E+00,1
 1.0713E+00,1
 1.0732E+00,1
 1.0732E+00,1
 1.0723E+00,1
 1.0723E+00,1
 1.0723E+00,1
 1.0723E+00,1
 1.0723E+00,1
 1.0752E+00,1
 1.0723E+00,1
 1.0723E+00,1
 1.0732E+00,1
 1.0723E+00,1
 1.0723E+00,1
 1.0742E+00,1
 1.0703E+00,1
 1.0732E+00,1
 1.0723E+00,1
 1.0723E+00,1
 1.0732E+00,1
 1.0732E+00,1
 1.0713E+00,1
 1.0742E+00,1
 1.0732E+00,1
 1.0713E+00,1
 1.0752E+00,1
 1.0723E+00,1
 1.0742E+00,1
 1.0742E+00,1
 1.0732E+00,1
 1.0732E+00,1
 1.0742E+00,1
 1.0723E+00,1
 1.0742E+00,1
 1.0742E+00,1
 1.0752E+00,1
 1.0723E+00,1
 1.0762E+00,1
 1.0732E+00,1
 1.0762E+00,1
 1.0742E+00,1
 1.0752E+00,1
 1.0762E+00,1
 1.0732E+00,1
 1.0752E+00,1
 1.0723E+00,1
 1.0742E+00,1
 1.0723E+00,1
 1.0781E+00,1
 1.0732E+00,1
 1.0762E+00,1
 1.0742E+00,1
 1.0752E+00,1
 1.0742E+00,1
 1.0762E+00,1
 1.0742E+00,1
 1.0762E+00,1
 1.0762E+00,1
 1.0762E+00,1
 1.0762E+00,1
 1.0762E+00,1
 1.0752E+00,1
 1.0762E+00,1
 1.0762E+00,1
 1.0762E+00,1
 1.0762E+00,1
 1.0752E+00,1
 1.0742E+00,1
 1.0752E+00,1
 1.0752E+00,1
 1.0732E+00,1
 1.0752E+00,1
 1.0742E+00,1
 1.0732E+00,1
 1.0762E+00,1
 1.0742E+00,1
 1.0752E+00,1
 1.0771E+00,1
 1.0742E+00,1
 1.0771E+00,1
 1.0752E+00,1
 1.0752E+00,1
 1.0771E+00,1
 1.0752E+00,1
 1.0762E+00,1
 1.0762E+00,1
 1.0762E+00,1
 1.0752E+00,1
 1.0771E+00,1
 1.0762E+00,1
 1.0762E+00,1
 1.0762E+00,1
 1.0752E+00,1
 1.0771E+00,1
 1.0752E+00,1
 1.0771E+00,1
 1.0752E+00,1
 1.0771E+00,1
 1.0742E+00,1
 1.0791E+00,1
 1.0771E+00,1
 1.0742E+00,1
 1.0801E+00,1
 1.0752E+00,1
 1.0752E+00,1
 1.0791E+00,1
 1.0742E+00,1
 1.0771E+00,1
 1.0781E+00,1
 1.0732E+00,1
 1.0771E+00,1
 1.0771E+00,1
 1.0762E+00,1
 1.0771E+00,1
 1.0771E+00,1
 1.0752E+00,1
 1.0781E+00,1
 1.0752E+00,1
 1.0762E+00,1
 1.0771E+00,1
 1.0762E+00,1
 1.0752E+00,1
 1.0771E+00,1
 1.0752E+00,1
 1.0762E+00,1
 1.0771E+00,1
 1.0742E+00,1
 1.0781E+00,1
 1.0771E+00,1
 1.0752E+00,1
 1.0781E+00,1
 1.0742E+00,1
 1.0771E+00,1
 1.0762E+00,1
 1.0771E+00,1
 1.0762E+00,1
 1.0762E+00,1
 1.0752E+00,1
 1.0752E+00,1
 1.0762E+00,1
 1.0752E+00,1
 1.0762E+00,1
 1.0742E+00,1
 1.0762E+00,1
 1.0771E+00,1
 1.0771E+00,1
 1.0762E+00,1
 1.0752E+00,1
 1.0771E+00,1
 1.0732E+00,1
 1.0781E+00,1
 1.0762E+00,1
 1.0762E+00,1
 1.0771E+00,1
 1.0762E+00,1
 1.0742E+00,1
 1.0771E+00,1
 1.0752E+00,1
 1.0762E+00,1
 1.0781E+00,1
 1.0742E+00,1
 1.0732E+00,1
 1.0723E+00,1
 1.0713E+00,1
 1.0703E+00,3,2,0,11-07-17,18:51:51,"50ul NADH"
 1.0703E+00,1
 1.0693E+00,1
 1.0713E+00,1
 1.0693E+00,1
 1.0713E+00,1
 1.0713E+00,1
 1.0693E+00,1
 1.0713E+00,1
 1.0693E+00,1
 1.0703E+00,1
 1.0713E+00,1
 1.0703E+00,1
 1.0713E+00,1
 1.0693E+00,1
 1.0713E+00,1
 1.0703E+00,1
 1.0693E+00,1
 1.0703E+00,1
 1.0684E+00,1
 1.0732E+00,1
 1.0684E+00,1
 1.0703E+00,1
 1.0703E+00,1
 1.0674E+00,1
 1.0703E+00,1
 1.0684E+00,1
 1.0693E+00,1
 1.0703E+00,1
 1.0684E+00,1
 1.0693E+00,1
 1.0713E+00,1
 1.0684E+00,1
 1.0703E+00,1
 1.0703E+00,1
 1.0684E+00,1
 1.0703E+00,1
 1.0693E+00,1
 1.0684E+00,1
 1.0684E+00,1
 1.0684E+00,1
 1.0674E+00,1
 1.0684E+00,1
 1.0684E+00,1
 1.0684E+00,1
 1.0684E+00,1
 1.0693E+00,1
 1.0684E+00,1
 1.0703E+00,1
 1.0684E+00,1
 1.0684E+00,1
 1.0703E+00,1
 1.0664E+00,1
 1.0693E+00,1
 1.0693E+00,1
 1.0684E+00,1
 1.0693E+00,1
 1.0684E+00,1
 1.0684E+00,1
 1.0723E+00,1
 1.0684E+00,1
 1.0674E+00,1
 1.0703E+00,1
 1.0664E+00,1
 1.0684E+00,1
 1.0684E+00,1
 1.0664E+00,1
 1.0664E+00,1
 1.0684E+00,1
 1.0664E+00,1
 1.0703E+00,1
 1.0674E+00,1
 1.0684E+00,1
 1.0674E+00,1
 1.0664E+00,1
 1.0664E+00,1
 1.0674E+00,1
 1.0684E+00,1
 1.0664E+00,1
 1.0684E+00,1
 1.0645E+00,1
 1.0703E+00,1
 1.0664E+00,1
 1.0674E+00,1
 1.0674E+00,1
 1.0664E+00,1
 1.0654E+00,1
 1.0684E+00,1
 1.0645E+00,1
 1.0674E+00,1
 1.0674E+00,1
 1.0645E+00,1
 1.0654E+00,1
 1.0664E+00,1
 1.0635E+00,1
 1.0654E+00,1
 1.0645E+00,1
 1.0615E+00,1
 1.0635E+00,1
 1.0605E+00,1
 1.0605E+00,1
 1.0635E+00,1
 1.0635E+00,1
 1.0625E+00,1
 1.0645E+00,1
 1.0635E+00,1
 1.0654E+00,1
 1.0654E+00,1
 1.0654E+00,1
 1.0645E+00,1
 1.0684E+00,1
 1.0645E+00,1
 1.0645E+00,1
 1.0664E+00,1
 1.0635E+00,1
 1.0645E+00,1
 1.0654E+00,1
 1.0645E+00,1
 1.0645E+00,1
 1.0664E+00,1
 1.0635E+00,1
 1.0664E+00,1
 1.0635E+00,1
 1.0654E+00,1
 1.0654E+00,1
 1.0635E+00,1
 1.0625E+00,1
 1.0654E+00,1
 1.0645E+00,1
 1.0635E+00,1
 1.0645E+00,1
 1.0635E+00,1
 1.0645E+00,1
 1.0645E+00,1
 1.0625E+00,1
 1.0645E+00,1
 1.0645E+00,1
 1.0635E+00,1
 1.0654E+00,1
 1.0635E+00,1
 1.0625E+00,1
 1.0654E+00,1
 1.0625E+00,1
 1.0635E+00,1
 1.0635E+00,1
 1.0605E+00,1
 1.0566E+00,1
 1.0596E+00,1
 1.0596E+00,1
 1.0605E+00,1
 1.0605E+00,1
 1.0625E+00,1
 1.0635E+00,1
 1.0615E+00,1
 1.0645E+00,1
 1.0625E+00,1
 1.0625E+00,1
 1.0625E+00,1
 1.0625E+00,1
 1.0615E+00,1
 1.0645E+00,1
 1.0596E+00,1
 1.0635E+00,1
 1.0625E+00,1
 1.0615E+00,1
 1.0625E+00,1
 1.0625E+00,1
 1.0625E+00,1
 1.0635E+00,1
 1.0635E+00,1
 1.0615E+00,1
 1.0635E+00,1
 1.0625E+00,1
 1.0625E+00,1
 1.0635E+00,1
 1.0615E+00,1
 1.0645E+00,1
 1.0615E+00,1
 1.0615E+00,1
 1.0615E+00,1
 1.0605E+00,1
 1.0605E+00,1
 1.0645E+00,1
 1.0605E+00,1
 1.0625E+00,1
 1.0615E+00,1
 1.0635E+00,1
 1.0615E+00,1
 1.0615E+00,1
 1.0615E+00,1
 1.0625E+00,1
 1.0615E+00,1
 1.0625E+00,1
 1.0615E+00,1
 1.0615E+00,1
 1.0615E+00,1
 1.0605E+00,1
 1.0625E+00,1
 1.0615E+00,1
 1.0596E+00,1
 1.0615E+00,1
 1.0645E+00,1
 1.0596E+00,1
 1.0615E+00,1
 1.0625E+00,1
 1.0605E+00,1
 1.0605E+00,1
 1.0625E+00,1
 1.0615E+00,1
 1.0625E+00,1
 1.0615E+00,1
 1.0605E+00,1
 1.0625E+00,1
 1.0605E+00,1
 1.0605E+00,1
 1.0615E+00,1
 1.0576E+00,1
 1.0596E+00,1
 1.0596E+00,1
 1.0586E+00,1
 1.0605E+00,1
 1.0596E+00,1
 1.0596E+00,1
 1.0605E+00,1
 1.0576E+00,1
 1.0596E+00,1
 1.0615E+00,1
 1.0596E+00,1
 1.0605E+00,1
 1.0605E+00,1
 1.0576E+00,1
 1.0615E+00,1
 1.0596E+00,1
 1.0586E+00,1
 1.0605E+00,1
 1.0586E+00,1
 1.0596E+00,1
 1.0605E+00,1
 1.0586E+00,1
 1.0605E+00,1
 1.0605E+00,1
 1.0586E+00,1
 1.0596E+00,1
 1.0586E+00,1
 1.0596E+00,1
 1.0596E+00,1
 1.0586E+00,1
 1.0576E+00,1
 1.0586E+00,1
 1.0576E+00,1
 1.0605E+00,1
 1.0586E+00,1
 1.0576E+00,1
 1.0605E+00,1
 1.0566E+00,1
 1.0596E+00,1
 1.0576E+00,1
 1.0547E+00,1
 1.0547E+00,1
 1.0547E+00,1
 1.0537E+00,1
 1.0557E+00,1
 1.0566E+00,1
 1.0547E+00,1
 1.0566E+00,1
 1.0557E+00,1
 1.0566E+00,1
 1.0566E+00,1
 1.0557E+00,1
 1.0586E+00,1
 1.0547E+00,1
 1.0547E+00,1
 1.0479E+00,1
 1.0352E+00,1
 1.0176E+00,1
 1.0020E+00,1
 9.8438E-01,1
 9.7363E-01,1
 9.5801E-01,1
 9.5117E-01,1
 9.5020E-01,1
 9.5605E-01,1
 9.6289E-01,1
 9.7070E-01,1
 9.8242E-01,1
 9.9512E-01,1
 1.0107E+00,1
 1.0234E+00,1
 1.0361E+00,1
 1.0420E+00,1
 1.0469E+00,1
 1.0547E+00,1
 1.0547E+00,1
 1.0557E+00,1
 1.0576E+00,1
 1.0576E+00,1
 1.0586E+00,1
 1.0586E+00,1
 1.0566E+00,1
 1.0605E+00,1
 1.0586E+00,1
 1.0586E+00,1
 1.0615E+00,1
 1.0586E+00,1
 1.0615E+00,1
 1.0596E+00,1
 1.0586E+00,1
 1.0615E+00,1
 1.0586E+00,1
 1.0586E+00,1
 1.0596E+00,1
 1.0576E+00,1
 1.0596E+00,1
 1.0605E+00,1
 1.0586E+00,1
 1.0605E+00,1
 1.0586E+00,1
 1.0596E+00,1
 1.0586E+00,1
 1.0576E+00,1
 1.0615E+00,1
 1.0586E+00,1
 1.0596E+00,1
 1.0605E+00,1
 1.0586E+00,1
 1.0596E+00,1
 1.0615E+00,1
 1.0576E+00,1
 1.0576E+00,1
 1.0586E+00,1
 1.0586E+00,1
 1.0625E+00,1
 1.0586E+00,1
 1.0557E+00,1
 1.0615E+00,1
 1.0576E+00,1
 1.0557E+00,1
 1.0586E+00,1
 1.0586E+00,1
 1.0576E+00,1
 1.0576E+00,1
 1.0596E+00,1
 1.0576E+00,1
 1.0566E+00,1
 1.0586E+00,1
 1.0586E+00,1
 1.0557E+00,1
 1.0566E+00,1
 1.0566E+00,1
 1.0557E+00,1
 1.0557E+00,1
 1.0566E+00,1
 1.0586E+00,1
 1.0566E+00,1
 1.0576E+00,1
 1.0586E+00,1
 1.0576E+00,1
 1.0566E+00,1
 1.0586E+00,1
 1.0566E+00,1
 1.0566E+00,1
 1.0586E+00,1
 1.0557E+00,1
 1.0576E+00,1
 1.0557E+00,1
 1.0547E+00,1
 1.0537E+00,1
 1.0527E+00,1
 1.0557E+00,1
 1.0547E+00,1
 1.0557E+00,1
 1.0557E+00,1
 1.0557E+00,1
 1.0557E+00,1
 1.0557E+00,1
 1.0586E+00,1
 1.0557E+00,1
 1.0586E+00,1
 1.0557E+00,1
 1.0566E+00,1
 1.0586E+00,1
 1.0557E+00,1
 1.0566E+00,1
 1.0557E+00,1
 1.0566E+00,1
 1.0566E+00,1
 1.0576E+00,1
 1.0576E+00,1
 1.0566E+00,1
 1.0557E+00,1
 1.0576E+00,1
 1.0576E+00,1
 1.0566E+00,1
 1.0566E+00,1
 1.0557E+00,1
 1.0557E+00,1
 1.0576E+00,1
 1.0576E+00,1
 1.0557E+00,1
 1.0596E+00,1
 1.0557E+00,1
 1.0557E+00,1
 1.0566E+00,1
 1.0547E+00,1
 1.0576E+00,1
 1.0547E+00,1
 1.0566E+00,1
 1.0566E+00,1
 1.0557E+00,1
 1.0566E+00,1
 1.0547E+00,1
 1.0566E+00,1
 1.0566E+00,1
 1.0547E+00,1
 1.0566E+00,1
 1.0566E+00,1
 1.0557E+00,1
 1.0566E+00,1
 1.0537E+00,1
 1.0557E+00,1
 1.0557E+00,1
 1.0547E+00,1
 1.0557E+00,1
 1.0547E+00,1
 1.0537E+00,1
 1.0586E+00,1
 1.0557E+00,1
 1.0557E+00,1
 1.0557E+00,1
 1.0537E+00,1
 1.0576E+00,1
 1.0557E+00,1
 1.0508E+00,1
 1.0479E+00,1
 1.0391E+00,1
 1.0283E+00,1
 1.0195E+00,1
 1.0117E+00,1
 1.0059E+00,1
 9.9512E-01,1
 9.9121E-01,1
 9.9023E-01,1
 9.8535E-01,1
 9.8633E-01,1
 9.9121E-01,1
 1.0000E+00,1
 1.0098E+00,1
 1.0215E+00,1
 1.0332E+00,1
 1.0381E+00,1
 1.0430E+00,1
 1.0479E+00,1
 1.0508E+00,1
 1.0498E+00,1
 1.0527E+00,1
 1.0527E+00,1
 1.0537E+00,1
 1.0527E+00,1
 1.0527E+00,1
 1.0527E+00,1
 1.0547E+00,1
 1.0518E+00,1
 1.0557E+00,1
 1.0547E+00,1
 1.0527E+00,1
 1.0537E+00,1
 1.0547E+00,1
 1.0527E+00,1
 1.0527E+00,1
 1.0527E+00,1
 1.0537E+00,1
 1.0508E+00,1
 1.0518E+00,1
 1.0527E+00,1
 1.0518E+00,1
 1.0547E+00,1
 1.0527E+00,1
 1.0508E+00,1
 1.0537E+00,1
 1.0537E+00,1
 1.0547E+00,1
 1.0527E+00,1
 1.0518E+00,1
 1.0537E+00,1
 1.0527E+00,1
 1.0527E+00,1
 1.0547E+00,1
 1.0537E+00,1
 1.0547E+00,1
 1.0537E+00,1
 1.0508E+00,1
 1.0557E+00,1
 1.0518E+00,1
 1.0508E+00,1
 1.0547E+00,1
 1.0508E+00,1
 1.0527E+00,1
 1.0547E+00,1
 1.0518E+00,1
 1.0537E+00,1
 1.0527E+00,1
 1.0527E+00,1
 1.0518E+00,1
 1.0508E+00,1
 1.0557E+00,1
 1.0508E+00,1
 1.0508E+00,1
 1.0527E+00,1
 1.0518E+00,1
 1.0488E+00,1
 1.0537E+00,1
 1.0518E+00,1
 1.0508E+00,1
 1.0527E+00,1
 1.0537E+00,1
 1.0527E+00,1
 1.0508E+00,1
 1.0508E+00,1
 1.0527E+00,1
 1.0518E+00,1
 1.0508E+00,1
 1.0527E+00,1
 1.0518E+00,1
 1.0527E+00,1
 1.0518E+00,1
 1.0508E+00,1
 1.0527E+00,1
 1.0527E+00,1
 1.0537E+00,1
 1.0537E+00,1
 1.0508E+00,1
 1.0518E+00,1
 1.0518E+00,1
 1.0518E+00,1
 1.0518E+00,1
 1.0508E+00,1
 1.0537E+00,1
 1.0518E+00,1
 1.0508E+00,1
 1.0518E+00,1
 1.0508E+00,1
 1.0518E+00,1
 1.0518E+00,1
 1.0498E+00,1
 1.0518E+00,1
 1.0488E+00,1
 1.0508E+00,1
 1.0518E+00,1
 1.0498E+00,1
 1.0527E+00,1
 1.0488E+00,1
 1.0518E+00,1
 1.0518E+00,1
 1.0498E+00,1
 1.0518E+00,1
 1.0508E+00,1
 1.0498E+00,1
 1.0498E+00,1
 1.0498E+00,1
 1.0508E+00,1
 1.0518E+00,1
 1.0498E+00,1
 1.0508E+00,1
 1.0527E+00,1
 1.0488E+00,1
 1.0518E+00,1
 1.0508E+00,1
 1.0488E+00,1
 1.0498E+00,1
 1.0508E+00,1
 1.0527E+00,1
 1.0498E+00,1
 1.0488E+00,1
 1.0508E+00,1
 1.0498E+00,1
 1.0498E+00,1
 1.0518E+00,1
 1.0488E+00,1
 1.0498E+00,1
 1.0488E+00,1
 1.0488E+00,1
 1.0527E+00,1
 1.0508E+00,1
 1.0479E+00,1
 1.0518E+00,1
 1.0498E+00,1
 1.0508E+00,1
 1.0479E+00,1
 1.0498E+00,1
 1.0508E+00,1
 1.0518E+00,1
 1.0498E+00,1
 1.0488E+00,1
 1.0488E+00,1
 1.0498E+00,1
 1.0488E+00,1
 1.0479E+00,1
 1.0498E+00,1
 1.0488E+00,1
 1.0479E+00,1
 1.0488E+00,1
 1.0488E+00,1
 1.0508E+00,1
 1.0498E+00,1
 1.0469E+00,1
 1.0508E+00,1
 1.0488E+00,1
 1.0498E+00,1
 1.0488E+00,1
 1.0469E+00,1
 1.0498E+00,1
 1.0488E+00,1
 1.0479E+00,1
 1.0479E+00,1
 1.0479E+00,1
 1.0518E+00,1
 1.0518E+00,1
 1.0547E+00,1
 1.0576E+00,1
 1.0566E+00,1
 1.0576E+00,1
 1.0596E+00,1
 1.0625E+00,1
 1.0635E+00,1
 1.0596E+00,1
 1.0615E+00,1
 1.0596E+00,1
 1.0596E+00,1
 1.0615E+00,1
 1.0615E+00,1
 1.0586E+00,1
 1.0625E+00,1
 1.0615E+00,1
 1.0596E+00,1
 1.0605E+00,1
 1.0596E+00,1
 1.0635E+00,1
 1.0615E+00,1
 1.0596E+00,1
 1.0645E+00,1
 1.0645E+00,1
 1.0645E+00,1
 1.0654E+00,1
 1.0684E+00,1
 1.0674E+00,1
 1.0625E+00,1
 1.0625E+00,1
 1.0625E+00,1
 1.0576E+00,1
 1.0566E+00,1
 1.0557E+00,1
 1.0557E+00,1
 1.0547E+00,1
 1.0557E+00,1
 1.0566E+00,1
 1.0537E+00,1
 1.0527E+00,1
 1.0566E+00,1
 1.0537E+00,1
 1.0518E+00,1
 1.0498E+00,1
 1.0420E+00,1
 1.0264E+00,1
 1.0049E+00,1
 9.8047E-01,1
 9.6094E-01,1
 9.4824E-01,1
 9.3262E-01,1
 9.2383E-01,1
 9.1504E-01,1
 9.0625E-01,1
 9.1797E-01,1
 9.4336E-01,1
 9.7168E-01,1
 9.9805E-01,1
 1.0215E+00,1
 1.0332E+00,1
 1.0244E+00,1
 1.0107E+00,1
 9.8438E-01,1
 9.5996E-01,1
 9.3555E-01,1
 9.0820E-01,1
 8.8574E-01,1
 8.6621E-01,1
 8.5156E-01,1
 8.5938E-01,1
 8.8477E-01,1
 9.1797E-01,1
 9.4824E-01,1
 9.7461E-01,1
 9.9805E-01,1
 1.0146E+00,1
 1.0244E+00,1
 1.0342E+00,1
 1.0381E+00,1
 1.0400E+00,1
 1.0459E+00,1
 1.0449E+00,1
 1.0469E+00,1
 1.0479E+00,1
 1.0449E+00,1
 1.0410E+00,1
 1.0283E+00,1
 1.0107E+00,1
 9.9609E-01,1
 9.8047E-01,1
 9.6680E-01,1
 9.5020E-01,1
 9.4238E-01,1
 9.3359E-01,1
 9.1895E-01,1
 9.1504E-01,1
 9.1992E-01,1
 9.2871E-01,1
 9.5313E-01,1
 9.6777E-01,1
 9.7363E-01,1
 9.7363E-01,1
 9.7559E-01,1
 9.8340E-01,1
 9.9316E-01,1
 1.0068E+00,1
 1.0205E+00,1
 1.0313E+00,1
 1.0371E+00,1
 1.0430E+00,1
 1.0479E+00,1
 1.0488E+00,1
 1.0498E+00,1
 1.0518E+00,1
 1.0518E+00,1
 1.0518E+00,1
 1.0527E+00,1
 1.0479E+00,1
 1.0391E+00,1
 1.0293E+00,1
 1.0098E+00,1
 9.9512E-01,1
 9.8145E-01,1
 9.6680E-01,1
 9.5508E-01,1
 9.4336E-01,1
 9.3652E-01,1
 9.3652E-01,1
 9.4434E-01,1
 9.6484E-01,1
 9.8340E-01,1
 1.0029E+00,1
 1.0186E+00,1
 1.0293E+00,1
 1.0361E+00,1
 1.0313E+00,1
 1.0244E+00,1
 1.0137E+00,1
 9.9414E-01,1
 9.8047E-01,1
 9.7070E-01,1
 9.7559E-01,1
 9.8828E-01,1
 1.0010E+00,1
 1.0137E+00,1
 1.0283E+00,1
 1.0352E+00,1
 1.0400E+00,1
 1.0439E+00,1
 1.0459E+00,1
 1.0508E+00,1
 1.0488E+00,1
 1.0508E+00,1
 1.0488E+00,1
 1.0508E+00,1
 1.0518E+00,1
 1.0488E+00,1
 1.0498E+00,1
 1.0508E+00,1
 1.0498E+00,1
 1.0508E+00,1
 1.0498E+00,1
 1.0498E+00,1
 1.0508E+00,1
 1.0488E+00,1
 1.0518E+00,1
 1.0518E+00,1
 1.0498E+00,1
 1.0508E+00,1
 1.0479E+00,1
 1.0371E+00,1
 1.0234E+00,1
 1.0049E+00,1
 9.9023E-01,1
 9.7559E-01,1
 9.6289E-01,1
 9.5117E-01,1
 9.3945E-01,1
 9.3164E-01,1
 9.2285E-01,1
 9.1309E-01,1
 9.0723E-01,1
 9.0039E-01,1
 8.9844E-01,1
 8.9355E-01,1
 8.9453E-01,1
 9.1992E-01,1
 9.4629E-01,1
 9.7266E-01,1
 9.9512E-01,1
 1.0010E+00,1
 1.0029E+00,1
 9.8926E-01,1
 9.7656E-01,1
 9.7266E-01,1
 9.7461E-01,1
 9.8242E-01,1
 9.9023E-01,1
 9.9805E-01,1
 1.0107E+00,1
 1.0146E+00,1
 1.0215E+00,1
 1.0264E+00,1
 1.0283E+00,1
 1.0313E+00,1
 1.0322E+00,1
 1.0342E+00,1
 1.0313E+00,1
 1.0332E+00,1
 1.0322E+00,1
 1.0313E+00,1
 1.0313E+00,1
 1.0293E+00,1
 1.0195E+00,1
 1.0039E+00,1
 9.8340E-01,1
 9.6387E-01,1
 9.4922E-01,1
 9.3066E-01,1
 9.1797E-01,1
 9.0723E-01,1
 8.9941E-01,1
 8.9063E-01,1
 8.8770E-01,1
 8.7793E-01,1
 8.7598E-01,1
 8.7793E-01,1
 8.8770E-01,1
 9.0527E-01,1
 9.1504E-01,1
 9.1016E-01,1
 8.9160E-01,1
 8.7695E-01,1
 8.7109E-01,1
 8.8086E-01,1
 8.9258E-01,1
 8.9063E-01,1
 8.8477E-01,1
 8.6914E-01,1
 8.4570E-01,1
 8.3203E-01,1
 8.2227E-01,1
 8.1445E-01,1
 8.0371E-01,1
 7.9004E-01,1
 7.7930E-01,1
 7.6367E-01,1
 7.5391E-01,1
 7.5391E-01,1
 7.6855E-01,1
 8.0078E-01,1
 8.4082E-01,1
 8.8184E-01,1
 9.1895E-01,1
 9.4434E-01,1
 9.6191E-01,1
 9.7754E-01,1
 9.8535E-01,1
 9.9414E-01,1
 1.0010E+00,1
 1.0039E+00,1
 1.0098E+00,1
 1.0127E+00,1
 1.0254E+00,1
 1.0303E+00,1
 1.0156E+00,1
 9.9707E-01,1
 9.7070E-01,1
 9.4141E-01,1
 9.2090E-01,1
 9.1309E-01,1
 9.2188E-01,1
 9.4238E-01,1
 9.6777E-01,1
 9.9219E-01,1
 1.0127E+00,1
 1.0352E+00,1
 1.0459E+00,1
 1.0576E+00,1
 1.0703E+00,1
 1.0742E+00,1
 1.0791E+00,1
 1.0869E+00,1
 1.0898E+00,1
 1.0918E+00,1
 1.0996E+00,1
 1.1006E+00,1
 1.1055E+00,1
 1.1094E+00,1
 1.1152E+00,1
 1.1162E+00,1
 1.1191E+00,1
 1.1260E+00,1
 1.1279E+00,1
 1.1299E+00,1
 1.1348E+00,1
 1.1377E+00,1
 1.1406E+00,1
 1.1445E+00,1
 1.1465E+00,1
 1.1494E+00,1
 1.1553E+00,1
 1.1592E+00,1
 1.1641E+00,1
 1.1660E+00,1
 1.1729E+00,1
 1.1768E+00,1
 1.1797E+00,1
 1.1855E+00,1
 1.1865E+00,1
 1.1934E+00,1
 1.1982E+00,1
 1.2012E+00,1
 1.2061E+00,1
 1.2090E+00,1
 1.2148E+00,1
 1.2178E+00,1
 1.2207E+00,1
 1.2266E+00,1
 1.2305E+00,1
 1.2373E+00,1
 1.2432E+00,1
 1.2441E+00,1
 1.2480E+00,1
 1.2529E+00,1
 1.2578E+00,1
 1.2637E+00,1
 1.2666E+00,1
 1.2725E+00,1
 1.2793E+00,1
 1.2842E+00,1
 1.2891E+00,1
 1.2939E+00,1
 1.3008E+00,1
 1.3047E+00,1
 1.3096E+00,1
 1.3154E+00,1
 1.3193E+00,1
 1.3252E+00,1
 1.3320E+00,1
 1.3340E+00,1
 1.3408E+00,1
 1.3457E+00,1
 1.3506E+00,1
 1.3574E+00,1
 1.3604E+00,1
 1.3652E+00,1
 1.3711E+00,1
 1.3760E+00,1
 1.3818E+00,1
 1.3867E+00,1
 1.3926E+00,1
 1.3965E+00,1
 1.4014E+00,1
 1.4053E+00,1
 1.4102E+00,1
 1.4170E+00,1
 1.4229E+00,1
 1.4248E+00,1
 1.4307E+00,1
 1.4355E+00,1
 1.4395E+00,1
 1.4473E+00,1
 1.4492E+00,1
 1.4541E+00,1
 1.4580E+00,1
 1.4609E+00,1
 1.4658E+00,1
 1.4658E+00,1
 1.4697E+00,1
 1.4756E+00,1
 1.4766E+00,1
 1.4814E+00,1
 1.4863E+00,1
 1.4912E+00,1
 1.4932E+00,1
 1.4951E+00,1
 1.4990E+00,1
 1.5020E+00,1
 1.5049E+00,1
 1.5068E+00,1
 1.5117E+00,1
 1.5137E+00,1
 1.5137E+00,1
 1.5166E+00,1
 1.5215E+00,1
 1.5225E+00,1
 1.5254E+00,1
 1.5264E+00,1
 1.5322E+00,1
 1.5352E+00,1
 1.5371E+00,1
 1.5381E+00,1
 1.5410E+00,1
 1.5439E+00,1
 1.5449E+00,1
 1.5449E+00,1
 1.5479E+00,1
 1.5518E+00,1
 1.5508E+00,1
 1.5527E+00,1
 1.5547E+00,1
 1.5537E+00,1
 1.5537E+00,1
 1.5537E+00,1
 1.5566E+00,1
 1.5576E+00,1
 1.5586E+00,1
 1.5625E+00,1
 1.5615E+00,1
 1.5645E+00,1
 1.5654E+00,1
 1.5654E+00,1
 1.5684E+00,1
 1.5684E+00,1
 1.5654E+00,1
 1.5684E+00,1
 1.5684E+00,1
 1.5703E+00,1
 1.5703E+00,1
 1.5713E+00,1
 1.5732E+00,1
 1.5742E+00,1
 1.5732E+00,1
 1.5732E+00,1
 1.5732E+00,1
 1.5762E+00,1
 1.5732E+00,1
 1.5742E+00,1
 1.5742E+00,1
 1.5742E+00,1
 1.5771E+00,1
 1.5781E+00,1
 1.5752E+00,1
 1.5762E+00,1
 1.5752E+00,1
 1.5771E+00,1
 1.5762E+00,1
 1.5771E+00,1
 1.5781E+00,1
 1.5781E+00,1
 1.5771E+00,1
 1.5791E+00,1
 1.5781E+00,1
 1.5781E+00,1
 1.5791E+00,1
 1.5781E+00,1
 1.5801E+00,1
 1.5801E+00,1
 1.5811E+00,1
 1.5811E+00,1
 1.5791E+00,1
 1.5801E+00,1
 1.5781E+00,1
 1.5781E+00,1
 1.5771E+00,1
 1.5781E+00,1
 1.5791E+00,1
 1.5791E+00,1
 1.5791E+00,1
 1.5781E+00,1
 1.5781E+00,1
 1.5811E+00,1
 1.5820E+00,1
 1.5781E+00,1
 1.5781E+00,1
 1.5791E+00,1
 1.5771E+00,1
 1.5771E+00,1
 1.5791E+00,1
 1.5771E+00,1
 1.5762E+00,1
 1.5762E+00,1
 1.5781E+00,1
 1.5771E+00,1
 1.5742E+00,1
 1.5742E+00,1
 1.5713E+00,1
 1.5742E+00,1
 1.5723E+00,1
 1.5693E+00,1
 1.5605E+00,1
 1.5459E+00,1
 1.5430E+00,1
 1.5498E+00,1
 1.5566E+00,1
 1.5625E+00,1
 1.5703E+00,1
 1.5703E+00,1
 1.5635E+00,1
 1.5566E+00,1
 1.5547E+00,1
 1.5410E+00,1
 1.5137E+00,1
 1.4883E+00,1
 1.4844E+00,1
 1.4961E+00,1
 1.5186E+00,1
 1.5332E+00,1
 1.5479E+00,1
 1.5557E+00,1
 1.5615E+00,1
 1.5654E+00,1
 1.5664E+00,1
 1.5664E+00,1
 1.5664E+00,1
 1.5615E+00,1
 1.5635E+00,1
 1.5635E+00,1
 1.5615E+00,1
 1.5674E+00,1
 1.5664E+00,1
 1.5674E+00,1
 1.5645E+00,1
 1.5635E+00,1
 1.5625E+00,1
 1.5615E+00,1
 1.5615E+00,1
 1.5625E+00,1
 1.5615E+00,1
 1.5615E+00,1
 1.5635E+00,1
 1.5625E+00,1
 1.5645E+00,1
 1.5615E+00,1
 1.5615E+00,1
 1.5645E+00,1
 1.5605E+00,1
 1.5615E+00,1
 1.5615E+00,1
 1.5576E+00,1
 1.5605E+00,1
 1.5605E+00,1
 1.5566E+00,1
 1.5547E+00,1
 1.5547E+00,1
 1.5566E+00,1
 1.5576E+00,1
 1.5547E+00,1
 1.5537E+00,1
 1.5576E+00,1
 1.5557E+00,1
 1.5566E+00,1
 1.5547E+00,1
 1.5547E+00,1
 1.5547E+00,1
 1.5566E+00,1
 1.5557E+00,1
 1.5576E+00,1
 1.5547E+00,1
 1.5557E+00,1
 1.5537E+00,1
 1.5547E+00,1
 1.5547E+00,1
 1.5527E+00,1
 1.5518E+00,1
 1.5488E+00,1
 1.5439E+00,1
 1.5469E+00,1
 1.5410E+00,1
 1.5244E+00,1
 1.4980E+00,1
 1.4629E+00,1
 1.4355E+00,1
 1.4365E+00,1
 1.4570E+00,1
 1.4834E+00,1
 1.5049E+00,1
 1.5195E+00,1
 1.5283E+00,1
 1.5322E+00,1
 1.5361E+00,1
 1.5361E+00,1
 1.5361E+00,1
 1.5371E+00,1
 1.5215E+00,1
 1.4961E+00,1
 1.4609E+00,1
 1.4287E+00,1
 1.3906E+00,1
 1.3574E+00,1
 1.3135E+00,1
 1.2432E+00,1
 1.1992E+00,1
 1.1592E+00,1
 1.1133E+00,1
 1.0742E+00,1
 1.0342E+00,1
 9.9805E-01,1
 9.6875E-01,1
 9.4043E-01,1
 9.1309E-01,1
 8.9258E-01,1
 8.7305E-01,1
 8.5742E-01,1
 8.4570E-01,1
 8.3398E-01,1
 8.2324E-01,1
 8.1543E-01,1
 8.0664E-01,1
 7.9883E-01,1
 7.9199E-01,1
 7.8711E-01,1
 7.8027E-01,1
 7.7246E-01,1
 7.7148E-01,1
 7.6660E-01,1
 7.5977E-01,1
 7.5586E-01,1
 7.5391E-01,1
 7.4805E-01,1
 7.4512E-01,1
 7.4414E-01,1
 7.3828E-01,1
 7.3730E-01,1
 7.3535E-01,1
 7.3145E-01,1
 7.2852E-01,1
 7.2852E-01,1
 7.2461E-01,1
 7.2266E-01,1
 7.2070E-01,1
 7.1777E-01,1
 7.1680E-01,1
 7.1582E-01,1
 7.1191E-01,1
 7.1094E-01,1
 7.0898E-01,1
 7.0801E-01,1
 7.0605E-01,1
 7.0508E-01,1
 7.0215E-01,1
 7.0020E-01,1
 6.9922E-01,1
 6.9629E-01,1
 6.9434E-01,1
 6.9434E-01,1
 6.9141E-01,1
 6.9043E-01,1
 6.8945E-01,1
 6.8652E-01,1
 6.8652E-01,1
 6.8457E-01,1
 6.8164E-01,1
 6.8066E-01,1
 6.7871E-01,1
 6.7676E-01,1
 6.7578E-01,1
 6.7480E-01,1
 6.7383E-01,1
 6.7090E-01,1
 6.7188E-01,1
 6.6797E-01,1
 6.6895E-01,1
 6.6699E-01,1
 6.6406E-01,1
 6.6406E-01,1
 6.6211E-01,1
 6.6016E-01,1
 6.6016E-01,1
 6.5918E-01,1
 6.5918E-01,1
 6.5918E-01,1
 6.6895E-01,1
 6.5332E-01,1
 6.4746E-01,1
 6.4746E-01,1
 6.4648E-01,1
 6.4453E-01,1
 6.4355E-01,1
 6.4160E-01,1
 6.4063E-01,1
 6.3867E-01,1
 6.3574E-01,1
 6.3574E-01,1
 6.3477E-01,1
 6.3281E-01,1
 6.3086E-01,1
 6.2891E-01,1
 6.3086E-01,1
 6.2891E-01,1
 6.2695E-01,1
 6.2598E-01,1
 6.2793E-01,1
 6.2695E-01,1
 6.2402E-01,1
 6.2305E-01,1
 6.2402E-01,1
 6.2793E-01,1
 6.3477E-01,1
 6.4160E-01,1
 6.4453E-01,1
 6.4648E-01,1
 6.4453E-01,1
 6.4453E-01,1
 6.4258E-01,1
 6.3770E-01,1
 6.3672E-01,1
 6.3281E-01,1
 6.2891E-01,1
 6.2695E-01,1
 6.2402E-01,1
 6.2109E-01,1
 6.1816E-01,1
 6.1816E-01,1
 6.1523E-01,1
 6.1328E-01,1
 6.1230E-01,1
 6.0938E-01,1
 6.0840E-01,1
 6.0645E-01,1
 6.0449E-01,1
 6.0352E-01,1
 6.0352E-01,1
 6.0059E-01,1
 6.0059E-01,1
 5.9961E-01,1
 5.9961E-01,1
 5.9668E-01,1
 5.9668E-01,1
 5.9668E-01,1
 5.9473E-01,1
 5.9570E-01,1
 5.9668E-01,1
 5.9375E-01,1
 5.9473E-01,1
 5.9180E-01,1
 5.9180E-01,1
 5.9082E-01,1
 5.9082E-01,1
 5.9180E-01,1
 5.8984E-01,1
 5.8984E-01,1
 5.8887E-01,1
 5.8789E-01,1
 5.8887E-01,1
 5.8887E-01,1
 5.8691E-01,1
 5.8789E-01,1
 5.8594E-01,1
 5.8691E-01,1
 5.8496E-01,1
 5.8398E-01,1
 5.8301E-01,1
 5.8496E-01,1
 5.8301E-01,1
 5.8301E-01,1
 5.8105E-01,1
 5.8301E-01,1
 5.8203E-01,1
 5.8008E-01,1
 5.7813E-01,1
 5.8105E-01,1
 5.8105E-01,1
 5.7813E-01,1
 5.7910E-01,1
 5.8008E-01,1
 5.7910E-01,1
 5.7910E-01,1
 5.7715E-01,1
 5.7910E-01,1
 5.7910E-01,1
 5.7617E-01,1
 5.7813E-01,1
 5.7715E-01,1
 5.7715E-01,1
 5.7617E-01,1
 5.7617E-01,1
 5.7617E-01,1
 5.7617E-01,1
 5.7520E-01,1
 5.7617E-01,1
 5.7520E-01,1
 5.7617E-01,1
 5.7422E-01,1
 5.7520E-01,1
 5.7422E-01,1
 5.7422E-01,1
 5.7520E-01,1
 5.7520E-01,1
 5.7520E-01,1
 5.7520E-01,1
 5.7422E-01,1
 5.8301E-01,1
 6.3184E-01,1
 6.9727E-01,1
 7.6758E-01,1
 8.3203E-01,1
 8.7988E-01,1
 9.1992E-01,1
 9.4531E-01,1
 9.6094E-01,1
 9.7363E-01,1
 9.8047E-01,1
 9.8730E-01,1
 9.9121E-01,1
 9.9316E-01,1
 9.9805E-01,1
 9.9805E-01,1
 1.0010E+00,1
 1.0039E+00,1
 1.0039E+00,1
 1.0039E+00,1
 1.0039E+00,1
 1.0078E+00,1
 1.0068E+00,1
 1.0059E+00,1
 1.0029E+00,1
 1.0059E+00,1
 1.0039E+00,1
 1.0059E+00,1
 1.0059E+00,1
 1.0029E+00,1
 1.0049E+00,1
 1.0039E+00,1
 1.0029E+00,1
 1.0078E+00,1
 1.0068E+00,1
 1.0059E+00,1
 1.0078E+00,1
 1.0049E+00,1
 1.0078E+00,1
 1.0078E+00,1
 1.0049E+00,1
 1.0078E+00,1
 1.0068E+00,1
 1.0059E+00,1
 1.0488E+00,1
 1.0664E+00,1
 1.0898E+00,1
 1.1162E+00,1
 1.1191E+00,1
 1.1045E+00,1
 1.0938E+00,1
 1.1045E+00,1
 1.1367E+00,1
 1.1777E+00,1
 1.2148E+00,1
 1.2510E+00,1
 1.2803E+00,1
 1.3008E+00,1
 1.3213E+00,1
 1.3311E+00,1
 1.3389E+00,1
 1.3447E+00,1
 1.3506E+00,1
 1.3545E+00,1
 1.3584E+00,1
 1.3623E+00,1
 1.3652E+00,1
 1.3662E+00,1
 1.3711E+00,1
 1.3750E+00,1
 1.3740E+00,1
 1.3770E+00,1
 1.3818E+00,1
 1.3809E+00,1
 1.3848E+00,1
 1.3877E+00,1
 1.3867E+00,1
 1.3887E+00,1
 1.3926E+00,1
 1.3916E+00,1
 1.3936E+00,1
 1.3975E+00,1
 1.3955E+00,1
 1.4004E+00,1
 1.4023E+00,1
 1.4023E+00,1
 1.4033E+00,1
 1.4063E+00,1
 1.4063E+00,1
 1.4053E+00,1
 1.4102E+00,1
 1.4092E+00,1
 1.4092E+00,1
 1.4102E+00,1
 1.4111E+00,1
 1.4102E+00,1
 1.4121E+00,1
 1.4141E+00,1
 1.4131E+00,1
 1.4170E+00,1
 1.4189E+00,1
 1.4170E+00,1
 1.4189E+00,1
 1.4209E+00,1
 1.4189E+00,1
 1.4209E+00,1
 1.4229E+00,1
 1.4229E+00,1
 1.4248E+00,1
 1.4248E+00,1
 1.4229E+00,1
 1.4268E+00,1
 1.4268E+00,1
 1.4277E+00,1
 1.4307E+00,1
 1.4287E+00,1
 1.4287E+00,1
 1.4307E+00,1
 1.4307E+00,1
 1.4307E+00,1
 1.4307E+00,1
 1.4316E+00,1
 1.4316E+00,1
 1.4326E+00,1
 1.4326E+00,1
 1.4316E+00,1
 1.4346E+00,1
 1.4346E+00,1
 1.4346E+00,1
 1.4355E+00,1
 1.4365E+00,1
 1.4365E+00,1
 1.4365E+00,1
 1.4385E+00,1
 1.4365E+00,1
 1.4375E+00,1
 1.4385E+00,1
 1.4385E+00,1
 1.4395E+00,1
 1.4404E+00,1
 1.4414E+00,1
 1.4424E+00,1
 1.4414E+00,1
 1.4404E+00,1
 1.4434E+00,1
 1.4424E+00,1
 1.4434E+00,1
 1.4463E+00,1
 1.4434E+00,1
 1.4414E+00,1
 1.4453E+00,1
 1.4414E+00,1
 1.4414E+00,1
 1.4443E+00,1
 1.4434E+00,1
 1.4443E+00,1
 1.4453E+00,1
 1.4434E+00,1
 1.4463E+00,1
 1.4443E+00,1
 1.4424E+00,1
 1.4473E+00,1
 1.4443E+00,1
 1.4463E+00,1
 1.4492E+00,1
 1.4453E+00,1
 1.4443E+00,1
 1.4463E+00,1
 1.4463E+00,1
 1.4463E+00,1
 1.4482E+00,1
 1.4463E+00,1
 1.4473E+00,1
 1.4492E+00,1
 1.4473E+00,1
 1.4512E+00,1
 1.4482E+00,1
 1.4492E+00,1
 1.4512E+00,1
 1.4482E+00,1
 1.4492E+00,1
 1.4492E+00,1
 1.4473E+00,1
 1.4492E+00,1
 1.4492E+00,1
 1.4473E+00,1
 1.4502E+00,1
 1.4512E+00,1
 1.4492E+00,1
 1.4521E+00,1
 1.4502E+00,1
 1.4502E+00,1
 1.4512E+00,1
 1.4502E+00,1
 1.4502E+00,1
 1.4521E+00,1
 1.4521E+00,1
 1.4502E+00,1
 1.4521E+00,1
 1.4502E+00,1
 1.4512E+00,1
 1.4512E+00,1
 1.4492E+00,1
 1.4492E+00,1
 1.4512E+00,1
 1.4502E+00,1
 1.4521E+00,1
 1.4521E+00,1
 1.4512E+00,1
 1.4541E+00,1
 1.4531E+00,1
 1.4492E+00,1
 1.4531E+00,1
 1.4512E+00,1
 1.4502E+00,1
 1.4541E+00,1
 1.4512E+00,1
 1.4512E+00,1
 1.4531E+00,1
 1.4502E+00,1
 1.4512E+00,1
 1.4541E+00,1
 1.4521E+00,1
 1.4521E+00,1
 1.4521E+00,1
 1.4502E+00,1
 1.4512E+00,1
 1.4512E+00,1
 1.4521E+00,1
 1.4531E+00,1
 1.4531E+00,1
 1.4521E+00,1
 1.4541E+00,1
 1.4531E+00,1
 1.4521E+00,1
 1.4531E+00,1
 1.4521E+00,1
 1.4502E+00,1
 1.4531E+00,1
 1.4521E+00,1
 1.4512E+00,1
 1.4531E+00,1
 1.4502E+00,1
 1.4521E+00,1
 1.4531E+00,1
 1.4512E+00,1
 1.4521E+00,1
 1.4541E+00,1
 1.4521E+00,1
 1.4424E+00,1
 1.3574E+00,1
 1.2910E+00,1
 1.2432E+00,1
 1.2227E+00,1
 1.1836E+00,1
 1.1631E+00,1
 1.1484E+00,1
 1.1133E+00,1
 1.0967E+00,1
 1.0908E+00,1
 1.0850E+00,1
 1.0762E+00,1
 1.0732E+00,1
 1.0684E+00,1
 1.0693E+00,1
 1.0684E+00,1
 1.0684E+00,1
 1.0713E+00,1
 1.0693E+00,1
 1.0674E+00,1
 1.0713E+00,1
 1.0693E+00,1
 1.0713E+00,1
 1.0723E+00,1
 1.0684E+00,1
 1.0693E+00,1
 1.0713E+00,1
