 1.0693E+00,3,1,1,11-07-17,18:25:36
 1.0693E+00,1
 1.0693E+00,1
 1.0693E+00,1
 1.0684E+00,1
 1.0684E+00,1
 1.0693E+00,1
 1.0693E+00,1
 1.0674E+00,1
 1.0684E+00,1
 1.0674E+00,1
 1.0703E+00,1
 1.0684E+00,1
 1.0674E+00,1
 1.0684E+00,1
 1.0693E+00,1
 1.0664E+00,1
 1.0693E+00,1
 1.0674E+00,1
 1.0684E+00,1
 1.0664E+00,1
 1.0693E+00,1
 1.0674E+00,1
 1.0684E+00,1
 1.0664E+00,1
 1.0684E+00,1
 1.0684E+00,1
 1.0684E+00,1
 1.0684E+00,1
 1.0684E+00,1
 1.0674E+00,1
 1.0684E+00,1
 1.0664E+00,1
 1.0684E+00,1
 1.0664E+00,1
 1.0664E+00,1
 1.0654E+00,1
 1.0674E+00,1
 1.0674E+00,1
 1.0664E+00,1
 1.0684E+00,1
 1.0654E+00,1
 1.0674E+00,1
 1.0684E+00,1
 1.0684E+00,1
 1.0645E+00,1
 1.0664E+00,1
 1.0654E+00,1
 1.0674E+00,1
 1.0664E+00,1
 1.0693E+00,1
 1.0645E+00,1
 1.0693E+00,1
 1.0645E+00,1
 1.0693E+00,1
 1.0645E+00,1
 1.0684E+00,1
 1.0645E+00,1
 1.0684E+00,1
 1.0654E+00,1
 1.0664E+00,1
 1.0684E+00,1
 1.0654E+00,1
 1.0664E+00,1
 1.0654E+00,1
 1.0684E+00,1
 1.0664E+00,1
 1.0674E+00,1
 1.0664E+00,1
 1.0654E+00,1
 1.0684E+00,1
 1.0654E+00,1
 1.0684E+00,1
 1.0645E+00,1
 1.0664E+00,1
 1.0645E+00,1
 1.0674E+00,1
 1.0654E+00,1
 1.0684E+00,1
 1.0645E+00,1
 1.0654E+00,1
 1.0645E+00,1
 1.0684E+00,1
 1.0635E+00,1
 1.0674E+00,1
 1.0645E+00,1
 1.0664E+00,1
 1.0645E+00,1
 1.0654E+00,1
 1.0645E+00,1
 1.0654E+00,1
 1.0645E+00,1
 1.0664E+00,1
 1.0645E+00,1
 1.0654E+00,1
 1.0664E+00,1
 1.0625E+00,1
 1.0645E+00,1
 1.0645E+00,1
 1.0645E+00,1
 1.0664E+00,1
 1.0654E+00,1
 1.0635E+00,1
 1.0664E+00,1
 1.0635E+00,1
 1.0654E+00,1
 1.0654E+00,1
 1.0635E+00,1
 1.0654E+00,1
 1.0625E+00,1
 1.0654E+00,1
 1.0635E+00,1
 1.0654E+00,1
 1.0635E+00,1
 1.0664E+00,1
 1.0635E+00,1
 1.0635E+00,1
 1.0635E+00,1
 1.0645E+00,1
 1.0635E+00,1
 1.0664E+00,1
 1.0645E+00,1
 1.0635E+00,1
 1.0654E+00,1
 1.0625E+00,1
 1.0645E+00,1
 1.0625E+00,1
 1.0645E+00,1
 1.0635E+00,1
 1.0635E+00,1
 1.0645E+00,1
 1.0605E+00,1
 1.0645E+00,1
 1.0625E+00,1
 1.0635E+00,1
 1.0635E+00,1
 1.0625E+00,1
 1.0645E+00,1
 1.0635E+00,1
 1.0615E+00,1
 1.0645E+00,1
 1.0625E+00,1
 1.0625E+00,1
 1.0635E+00,1
 1.0625E+00,1
 1.0635E+00,1
 1.0625E+00,1
 1.0615E+00,1
 1.0625E+00,1
 1.0625E+00,1
 1.0625E+00,1
 1.0615E+00,1
 1.0664E+00,1
 1.0605E+00,1
 1.0635E+00,1
 1.0625E+00,1
 1.0615E+00,1
 1.0635E+00,1
 1.0605E+00,1
 1.0625E+00,1
 1.0635E+00,1
 1.0615E+00,1
 1.0635E+00,1
 1.0625E+00,1
 1.0625E+00,1
 1.0615E+00,1
 1.0635E+00,1
 1.0625E+00,1
 1.0625E+00,1
 1.0615E+00,1
 1.0615E+00,1
 1.0615E+00,1
 1.0625E+00,1
 1.0605E+00,1
 1.0615E+00,1
 1.0635E+00,1
 1.0615E+00,1
 1.0615E+00,1
 1.0615E+00,1
 1.0605E+00,1
 1.0615E+00,1
 1.0596E+00,1
 1.0596E+00,1
 1.0605E+00,1
 1.0596E+00,1
 1.0557E+00,3,2,0,11-07-17,18:28:41,"50ul nadh"
 1.0586E+00,1
 1.0547E+00,1
 1.0557E+00,1
 1.0557E+00,1
 1.0537E+00,1
 1.0566E+00,1
 1.0527E+00,1
 1.0547E+00,1
 1.0527E+00,1
 1.0527E+00,1
 1.0518E+00,1
 1.0518E+00,1
 1.0537E+00,1
 1.0508E+00,1
 1.0537E+00,1
 1.0498E+00,1
 1.0518E+00,1
 1.0498E+00,1
 1.0508E+00,1
 1.0508E+00,1
 1.0498E+00,1
 1.0498E+00,1
 1.0479E+00,1
 1.0498E+00,1
 1.0469E+00,1
 1.0479E+00,1
 1.0498E+00,1
 1.0459E+00,1
 1.0488E+00,1
 1.0469E+00,1
 1.0449E+00,1
 1.0459E+00,1
 1.0449E+00,1
 1.0479E+00,1
 1.0439E+00,1
 1.0459E+00,1
 1.0430E+00,1
 1.0449E+00,1
 1.0439E+00,1
 1.0430E+00,1
 1.0449E+00,1
 1.0430E+00,1
 1.0439E+00,1
 1.0430E+00,1
 1.0420E+00,1
 1.0430E+00,1
 1.0420E+00,1
 1.0420E+00,1
 1.0410E+00,1
 1.0420E+00,1
 1.0391E+00,1
 1.0400E+00,1
 1.0400E+00,1
 1.0391E+00,1
 1.0391E+00,1
 1.0391E+00,1
 1.0371E+00,1
 1.0391E+00,1
 1.0381E+00,1
 1.0381E+00,1
 1.0381E+00,1
 1.0371E+00,1
 1.0391E+00,1
 1.0371E+00,1
 1.0371E+00,1
 1.0352E+00,1
 1.0352E+00,1
 1.0342E+00,1
 1.0361E+00,1
 1.0342E+00,1
 1.0352E+00,1
 1.0342E+00,1
 1.0342E+00,1
 1.0332E+00,1
 1.0332E+00,1
 1.0322E+00,1
 1.0332E+00,1
 1.0332E+00,1
 1.0332E+00,1
 1.0313E+00,1
 1.0313E+00,1
 1.0313E+00,1
 1.0313E+00,1
 1.0313E+00,1
 1.0293E+00,1
 1.0313E+00,1
 1.0293E+00,1
 1.0273E+00,1
 1.0303E+00,1
 1.0273E+00,1
 1.0303E+00,1
 1.0283E+00,1
 1.0273E+00,1
 1.0293E+00,1
 1.0254E+00,1
 1.0273E+00,1
 1.0273E+00,1
 1.0264E+00,1
 1.0254E+00,1
 1.0273E+00,1
 1.0254E+00,1
 1.0254E+00,1
 1.0244E+00,1
 1.0234E+00,1
 1.0244E+00,1
 1.0244E+00,1
 1.0225E+00,1
 1.0254E+00,1
 1.0225E+00,1
 1.0234E+00,1
 1.0225E+00,1
 1.0215E+00,1
 1.0234E+00,1
 1.0225E+00,1
 1.0225E+00,1
 1.0215E+00,1
 1.0215E+00,1
 1.0205E+00,1
 1.0195E+00,1
 1.0215E+00,1
 1.0176E+00,1
 1.0195E+00,1
 1.0215E+00,1
 1.0156E+00,1
 1.0205E+00,1
 1.0186E+00,1
 1.0156E+00,1
 1.0176E+00,1
 1.0146E+00,1
 1.0195E+00,1
 1.0156E+00,1
 1.0166E+00,1
 1.0166E+00,1
 1.0146E+00,1
 1.0176E+00,1
 1.0137E+00,1
 1.0156E+00,1
 1.0156E+00,1
 1.0117E+00,1
 1.0166E+00,1
 1.0107E+00,1
 1.0137E+00,1
 1.0127E+00,1
 1.0127E+00,1
 1.0146E+00,1
 1.0098E+00,1
 1.0146E+00,1
 1.0107E+00,1
 1.0107E+00,1
 1.0117E+00,1
 1.0098E+00,1
 1.0117E+00,1
 1.0088E+00,1
 1.0107E+00,1
 1.0107E+00,1
 1.0078E+00,1
 1.0117E+00,1
 1.0078E+00,1
 1.0088E+00,1
 1.0098E+00,1
 1.0068E+00,1
 1.0088E+00,1
 1.0078E+00,1
 1.0068E+00,1
 1.0088E+00,1
 1.0068E+00,1
 1.0059E+00,1
 1.0068E+00,1
 1.0078E+00,1
 1.0039E+00,1
 1.0029E+00,1
 1.0049E+00,1
 1.0029E+00,1
 1.0029E+00,1
 1.0049E+00,1
 1.0029E+00,1
 1.0039E+00,1
 1.0029E+00,1
 1.0010E+00,1
 1.0029E+00,1
 1.0029E+00,1
 1.0020E+00,1
 1.0010E+00,1
 1.0020E+00,1
 1.0010E+00,1
 1.0010E+00,1
 1.0020E+00,1
 1.0000E+00,1
 9.9707E-01,1
 1.0020E+00,1
 9.9805E-01,1
 1.0000E+00,1
 9.9805E-01,1
 9.9902E-01,1
 9.9707E-01,1
 9.9805E-01,1
 9.9805E-01,1
 9.9707E-01,1
 9.9609E-01,1
 9.9707E-01,1
 9.9707E-01,1
 9.9609E-01,1
 9.9805E-01,1
 9.9609E-01,1
 9.9707E-01,1
 9.9414E-01,1
 9.9512E-01,1
 9.9512E-01,1
 9.9414E-01,1
 9.9414E-01,1
 9.9414E-01,1
 9.9414E-01,1
 9.9512E-01,1
 9.9121E-01,1
 9.9414E-01,1
 9.9414E-01,1
 9.9121E-01,1
 9.9219E-01,1
 9.8926E-01,1
 9.9121E-01,1
 9.9023E-01,1
 9.9023E-01,1
 9.9121E-01,1
 9.9023E-01,1
 9.9121E-01,1
 9.8926E-01,1
 9.8926E-01,1
 9.9121E-01,1
 9.8828E-01,1
 9.8828E-01,1
 9.9023E-01,1
 9.8535E-01,1
 9.8828E-01,1
 9.8926E-01,1
 9.8535E-01,1
 9.8828E-01,1
 9.9023E-01,1
 9.8730E-01,1
 9.8730E-01,1
 9.8828E-01,1
 9.8633E-01,1
 9.8438E-01,1
 9.8633E-01,1
 9.8535E-01,1
 9.8438E-01,1
 9.8535E-01,1
 9.8535E-01,1
 9.8340E-01,1
 9.8438E-01,1
 9.8340E-01,1
 9.8340E-01,1
 9.8438E-01,1
 9.8242E-01,1
 9.8438E-01,1
 9.8340E-01,1
 9.8145E-01,1
 9.8242E-01,1
 9.8047E-01,1
 9.8242E-01,1
 9.8242E-01,1
 9.7949E-01,1
 9.8242E-01,1
 9.8047E-01,1
 9.8047E-01,1
 9.8047E-01,1
 9.7949E-01,1
 9.7949E-01,1
 9.7949E-01,1
 9.7754E-01,1
 9.8047E-01,1
 9.7754E-01,1
 9.7754E-01,1
 9.7949E-01,1
 9.7656E-01,1
 9.7852E-01,1
 9.7656E-01,1
 9.7656E-01,1
 9.7754E-01,1
 9.7656E-01,1
 9.7754E-01,1
 9.7656E-01,1
 9.7461E-01,1
 9.7559E-01,1
 9.7656E-01,1
 9.7363E-01,1
 9.7461E-01,1
 9.7559E-01,1
 9.7266E-01,1
 9.7559E-01,1
 9.7559E-01,1
 9.7461E-01,1
 9.7266E-01,1
 9.7266E-01,1
 9.7461E-01,1
 9.7266E-01,1
 9.7266E-01,1
 9.7461E-01,1
 9.6973E-01,1
 9.7266E-01,1
 9.7070E-01,1
 9.7070E-01,1
 9.7266E-01,1
 9.7070E-01,1
 9.7070E-01,1
 9.7168E-01,1
 9.6973E-01,1
 9.7070E-01,1
 9.7070E-01,1
 9.6680E-01,1
 9.7070E-01,1
 9.6777E-01,1
 9.6777E-01,1
 9.6875E-01,1
 9.6582E-01,1
 9.6875E-01,1
 9.6777E-01,1
 9.6680E-01,1
 9.6680E-01,1
 9.6680E-01,1
 9.6582E-01,1
 9.6875E-01,1
 9.6582E-01,1
 9.6680E-01,1
 9.6680E-01,1
 9.6582E-01,1
 9.6582E-01,1
 9.6582E-01,1
 9.6484E-01,1
 9.6582E-01,1
 9.6387E-01,1
 9.6387E-01,1
 9.6484E-01,1
 9.6289E-01,1
 9.6387E-01,1
 9.6387E-01,1
 9.6191E-01,1
 9.6289E-01,1
 9.6387E-01,1
 9.6191E-01,1
 9.6289E-01,1
 9.5996E-01,1
 9.6387E-01,1
 9.6191E-01,1
 9.5898E-01,1
 9.6387E-01,1
 9.5801E-01,1
 9.6094E-01,1
 9.6094E-01,1
 9.5898E-01,1
 9.6094E-01,1
 9.5801E-01,1
 9.5801E-01,1
 9.5996E-01,1
 9.5898E-01,1
 9.5801E-01,1
 9.5996E-01,1
 9.5605E-01,1
 9.5996E-01,1
 9.5703E-01,1
 9.5703E-01,1
 9.5898E-01,1
 9.5605E-01,1
 9.5996E-01,1
 9.5508E-01,1
 9.5801E-01,1
 9.5508E-01,1
 9.5508E-01,1
 9.5410E-01,1
 9.5605E-01,1
 9.5508E-01,1
 9.5410E-01,1
 9.5605E-01,1
 9.5410E-01,1
 9.5410E-01,1
 9.5410E-01,1
 9.5313E-01,1
 9.5410E-01,1
 9.5313E-01,1
 9.5410E-01,1
 9.5215E-01,1
 9.5117E-01,1
 9.5215E-01,1
 9.5117E-01,1
 9.5215E-01,1
 9.5215E-01,1
 9.5215E-01,1
 9.5215E-01,1
 9.5117E-01,1
 9.5117E-01,1
 9.5117E-01,1
 9.4922E-01,1
 9.5020E-01,1
 9.4922E-01,1
 9.4824E-01,1
 9.4922E-01,1
 9.4922E-01,1
 9.4824E-01,1
 9.4922E-01,1
 9.4922E-01,1
 9.4727E-01,1
 9.4727E-01,1
 9.4727E-01,1
 9.4727E-01,1
 9.4727E-01,1
 9.4727E-01,1
 9.4727E-01,1
 9.4629E-01,1
 9.4727E-01,1
 9.4531E-01,1
 9.4531E-01,1
 9.4727E-01,1
 9.4434E-01,1
 9.4629E-01,1
 9.4629E-01,1
 9.4336E-01,1
 9.4629E-01,1
 9.4336E-01,1
 9.4531E-01,1
 9.4531E-01,1
 9.4336E-01,1
 9.4336E-01,1
 9.4336E-01,1
 9.4141E-01,1
 9.4336E-01,1
 9.4336E-01,1
 9.4141E-01,1
 9.4238E-01,1
 9.4141E-01,1
 9.4238E-01,1
 9.4141E-01,1
 9.4141E-01,1
 9.4043E-01,1
 9.4141E-01,1
 9.4141E-01,1
 9.4043E-01,1
 9.3945E-01,1
 9.4043E-01,1
 9.3945E-01,1
 9.3848E-01,1
 9.4043E-01,1
 9.3848E-01,1
 9.3848E-01,1
 9.3945E-01,1
 9.3848E-01,1
 9.3848E-01,1
 9.3750E-01,1
 9.3848E-01,1
 9.3652E-01,1
 9.3750E-01,1
 9.3750E-01,1
 9.3555E-01,1
 9.3652E-01,1
 9.3652E-01,1
 9.3652E-01,1
 9.3555E-01,1
 9.3457E-01,1
 9.3555E-01,1
 9.3359E-01,1
 9.3652E-01,1
 9.3359E-01,1
 9.3555E-01,1
 9.3359E-01,1
 9.3457E-01,1
 9.3359E-01,1
 9.3262E-01,1
 9.3262E-01,1
 9.3262E-01,1
 9.3262E-01,1
 9.3262E-01,1
 9.3164E-01,1
 9.3262E-01,1
 9.3066E-01,1
 9.3066E-01,1
 9.3164E-01,1
 9.2969E-01,1
 9.3164E-01,1
 9.2969E-01,1
 9.2969E-01,1
 9.3164E-01,1
 9.2969E-01,1
 9.2871E-01,1
 9.2969E-01,1
 9.2773E-01,1
 9.2969E-01,1
 9.2969E-01,1
 9.2676E-01,1
 9.2969E-01,1
 9.2871E-01,1
 9.2676E-01,1
 9.2871E-01,1
 9.2578E-01,1
 9.2676E-01,1
 9.2871E-01,1
 9.2676E-01,1
 9.2480E-01,1
 9.2676E-01,1
 9.2383E-01,1
 9.2676E-01,1
 9.2676E-01,1
 9.2383E-01,1
 9.2676E-01,1
 9.2383E-01,1
 9.2285E-01,1
 9.2676E-01,1
 9.2383E-01,1
 9.2285E-01,1
 9.2480E-01,1
 9.2383E-01,1
 9.2285E-01,1
 9.2383E-01,1
 9.2090E-01,1
 9.2578E-01,1
 9.2188E-01,1
 9.2188E-01,1
 9.2285E-01,1
 9.2188E-01,1
 9.2090E-01,1
 9.2285E-01,1
 9.2188E-01,1
 9.1895E-01,1
 9.2188E-01,1
 9.1797E-01,1
 9.2090E-01,1
 9.2188E-01,1
 9.1699E-01,1
 9.1992E-01,1
 9.1992E-01,1
 9.1504E-01,1
 9.1992E-01,1
 9.1992E-01,1
 9.1797E-01,1
 9.1895E-01,1
 9.1699E-01,1
 9.1797E-01,1
 9.1797E-01,1
 9.1699E-01,1
 9.1699E-01,1
 9.1797E-01,1
 9.1602E-01,1
 9.1699E-01,1
 9.1602E-01,1
 9.1504E-01,1
 9.1504E-01,1
 9.1504E-01,1
 9.1406E-01,1
 9.1602E-01,1
 9.1309E-01,1
 9.1406E-01,1
 9.1504E-01,1
 9.1113E-01,1
 9.1504E-01,1
 9.1504E-01,1
 9.1211E-01,1
 9.1211E-01,1
 9.1211E-01,1
 9.1113E-01,1
 9.1309E-01,1
 9.1309E-01,1
 9.0918E-01,1
 9.1309E-01,1
 9.1113E-01,1
 9.0918E-01,1
 9.1309E-01,1
 9.0918E-01,1
 9.1016E-01,1
 9.1211E-01,1
 9.0820E-01,1
 9.0918E-01,1
 9.1016E-01,1
 9.0820E-01,1
 9.0918E-01,1
 9.0918E-01,1
 9.0723E-01,1
 9.0918E-01,1
 9.0820E-01,1
 9.0820E-01,1
 9.0918E-01,1
 9.0723E-01,1
 9.0527E-01,1
 9.0918E-01,1
 9.0527E-01,1
 9.0625E-01,1
 9.0625E-01,1
 9.0625E-01,1
 9.0527E-01,1
 9.0625E-01,1
 9.0430E-01,1
 9.0430E-01,1
 9.0625E-01,1
 9.0332E-01,1
 9.0430E-01,1
 9.0430E-01,1
 9.0430E-01,1
 9.0332E-01,1
 9.0527E-01,1
 9.0137E-01,1
 9.0527E-01,1
 9.0234E-01,1
 9.0137E-01,1
 9.0430E-01,1
 9.0234E-01,1
 9.0039E-01,1
 9.0332E-01,1
 9.0137E-01,1
 9.0039E-01,1
 9.0234E-01,1
 9.0039E-01,1
 8.9844E-01,1
 9.0137E-01,1
 8.9844E-01,1
 8.9941E-01,3,3,0,11-07-17,18:38:52,"50ul 100UM TPZ"
 9.0332E-01,1
 9.0137E-01,1
 9.0527E-01,1
 9.0625E-01,1
 9.0625E-01,1
 9.0820E-01,1
 9.0723E-01,1
 9.0625E-01,1
 9.0918E-01,1
 9.0820E-01,1
 9.0723E-01,1
 9.0918E-01,1
 9.0918E-01,1
 9.0820E-01,1
 9.1016E-01,1
 9.0918E-01,1
 9.0820E-01,1
 9.0820E-01,1
 9.0918E-01,1
 9.0820E-01,1
 9.1016E-01,1
 9.0723E-01,1
 9.0918E-01,1
 9.1016E-01,1
 9.0723E-01,1
 9.0820E-01,1
 9.1113E-01,1
 9.0723E-01,1
 9.0918E-01,1
 9.1016E-01,1
 9.0625E-01,1
 9.0918E-01,1
 9.0820E-01,1
 9.0820E-01,1
 9.0820E-01,1
 9.0820E-01,1
 9.0723E-01,1
 9.0820E-01,1
 9.0820E-01,1
 9.0625E-01,1
 9.0918E-01,1
 9.0820E-01,1
 9.0820E-01,1
 9.0723E-01,1
 9.0918E-01,1
 9.0723E-01,1
 9.0820E-01,1
 9.0723E-01,1
 9.0723E-01,1
 9.0918E-01,1
 9.0918E-01,1
 9.0625E-01,1
 9.1016E-01,1
 9.0918E-01,1
 9.0625E-01,1
 9.0918E-01,1
 9.0723E-01,1
 9.0820E-01,1
 9.0820E-01,1
 9.0625E-01,1
 9.0527E-01,1
 9.0820E-01,1
 9.0820E-01,1
 9.0625E-01,1
 9.0820E-01,1
 9.0820E-01,1
 9.0723E-01,1
 9.0820E-01,1
 9.0625E-01,1
 9.0820E-01,1
 9.0820E-01,1
 9.0430E-01,1
 9.0820E-01,1
 9.0918E-01,1
 9.0430E-01,1
 9.0820E-01,1
 9.0820E-01,1
 9.0527E-01,1
 9.0820E-01,1
 9.0625E-01,1
 9.0625E-01,1
 9.0723E-01,1
 9.0820E-01,1
 9.0625E-01,1
 9.0723E-01,1
 9.0527E-01,1
 9.0527E-01,1
 9.0820E-01,1
 9.0820E-01,1
 9.0625E-01,1
 9.0723E-01,1
 9.0527E-01,1
 9.0723E-01,1
 9.0820E-01,1
 9.0527E-01,1
 9.0820E-01,1
 9.0527E-01,1
 9.0723E-01,1
 9.0723E-01,1
 9.0625E-01,1
 9.0820E-01,1
 9.0527E-01,1
 9.0723E-01,1
 9.0625E-01,1
 9.0527E-01,1
 9.0723E-01,1
 9.0820E-01,1
 9.0527E-01,1
 9.0723E-01,1
 9.0527E-01,1
 9.0625E-01,1
 9.0723E-01,1
 9.0723E-01,1
 9.0723E-01,1
 9.0625E-01,1
 9.0625E-01,1
 9.0723E-01,1
 9.0723E-01,1
 9.0723E-01,1
 9.0723E-01,1
 9.0625E-01,1
 9.0527E-01,1
 9.0625E-01,1
 9.0625E-01,1
 9.0723E-01,1
 9.0723E-01,1
 9.0625E-01,1
 9.0625E-01,1
 9.0527E-01,1
 9.0625E-01,1
 9.0625E-01,1
 9.0723E-01,1
 9.0527E-01,1
 9.0625E-01,1
 9.0625E-01,1
 9.0527E-01,1
 9.0625E-01,1
 9.0625E-01,1
 9.0625E-01,1
 9.0625E-01,1
 9.0527E-01,1
 9.0625E-01,1
 9.0625E-01,1
 9.0723E-01,1
 9.0820E-01,1
 9.0527E-01,1
 9.0527E-01,1
 9.0820E-01,1
 9.0332E-01,1
 9.0820E-01,1
 9.0625E-01,1
 9.0625E-01,1
 9.0527E-01,1
 9.0625E-01,1
 9.0527E-01,1
 9.0625E-01,1
 9.0723E-01,1
 9.0527E-01,1
 9.0723E-01,1
 9.0723E-01,1
 9.0527E-01,1
 9.0723E-01,1
 9.0625E-01,1
 9.0625E-01,1
 9.0820E-01,1
 9.0723E-01,1
 9.0430E-01,1
