 1.0723E+00,3,1,1,11-07-17,15:22:55
 1.0762E+00,1
 1.0732E+00,1
 1.0723E+00,1
 1.0762E+00,1
 1.0752E+00,1
 1.0732E+00,1
 1.0762E+00,1
 1.0752E+00,1
 1.0752E+00,1
 1.0752E+00,1
 1.0762E+00,1
 1.0752E+00,1
 1.0762E+00,1
 1.0771E+00,1
 1.0752E+00,1
 1.0762E+00,1
 1.0752E+00,1
 1.0762E+00,1
 1.0781E+00,1
 1.0771E+00,1
 1.0752E+00,1
 1.0781E+00,1
 1.0762E+00,1
 1.0752E+00,1
 1.0762E+00,1
 1.0781E+00,1
 1.0781E+00,1
 1.0771E+00,1
 1.0771E+00,1
 1.0771E+00,1
 1.0771E+00,1
 1.0771E+00,1
 1.0771E+00,1
 1.0771E+00,1
 1.0781E+00,1
 1.0781E+00,1
 1.0771E+00,1
 1.0801E+00,1
 1.0801E+00,1
 1.0771E+00,1
 1.0801E+00,1
 1.0791E+00,1
 1.0771E+00,1
 1.0771E+00,1
 1.0801E+00,1
 1.0801E+00,1
 1.0781E+00,1
 1.0762E+00,1
 1.0771E+00,1
 1.0811E+00,1
 1.0781E+00,1
 1.0781E+00,1
 1.0781E+00,1
 1.0801E+00,1
 1.0781E+00,1
 1.0771E+00,1
 1.0781E+00,1
 1.0771E+00,1
 1.0781E+00,1
 1.0801E+00,1
 1.0801E+00,1
 1.0752E+00,1
 1.0781E+00,1
 1.0781E+00,1
 1.0771E+00,1
 1.0791E+00,1
 1.0791E+00,1
 1.0771E+00,1
 1.0771E+00,1
 1.0791E+00,1
 1.0781E+00,1
 1.0771E+00,1
 1.0771E+00,1
 1.0771E+00,1
 1.0771E+00,1
 1.0811E+00,1
 1.0781E+00,1
 1.0791E+00,1
 1.0781E+00,1
 1.0781E+00,1
 1.0771E+00,1
 1.0801E+00,1
 1.0781E+00,1
 1.0771E+00,1
 1.0801E+00,1
 1.0791E+00,1
 1.0752E+00,1
 1.0801E+00,1
 1.0801E+00,1
 1.0771E+00,1
 1.0781E+00,1
 1.0791E+00,1
 1.0771E+00,1
 1.0771E+00,1
 1.0771E+00,1
 1.0781E+00,1
 1.0781E+00,1
 1.0781E+00,1
 1.0762E+00,1
 1.0781E+00,1
 1.0791E+00,1
 1.0771E+00,1
 1.0771E+00,1
 1.0771E+00,1
 1.0781E+00,1
 1.0771E+00,1
 1.0771E+00,1
 1.0762E+00,1
 1.0752E+00,1
 1.0762E+00,1
 1.0752E+00,1
 1.0752E+00,1
 1.0781E+00,1
 1.0781E+00,1
 1.0762E+00,1
 1.0781E+00,1
 1.0781E+00,1
 1.0771E+00,1
 1.0791E+00,1
 1.0791E+00,1
 1.0771E+00,1
 1.0771E+00,1
 1.0771E+00,1
 1.0771E+00,1
 1.0781E+00,1
 1.0781E+00,1
 1.0762E+00,1
 1.0781E+00,1
 1.0781E+00,1
 1.0762E+00,1
 1.0742E+00,1
 1.0742E+00,3,2,0,11-07-17,15:25:07,"50UL NADH"
 1.0732E+00,1
 1.0752E+00,1
 1.0762E+00,1
 1.0771E+00,1
 1.0752E+00,1
 1.0762E+00,1
 1.0781E+00,1
 1.0791E+00,1
 1.0801E+00,1
 1.0762E+00,1
 1.0742E+00,1
 1.0752E+00,1
 1.0762E+00,1
 1.0723E+00,1
 1.0771E+00,1
 1.0752E+00,1
 1.0723E+00,1
 1.0723E+00,1
 1.0742E+00,1
 1.0742E+00,1
 1.0713E+00,1
 1.0732E+00,1
 1.0723E+00,1
 1.0732E+00,1
 1.0723E+00,1
 1.0713E+00,1
 1.0713E+00,1
 1.0742E+00,1
 1.0713E+00,1
 1.0703E+00,1
 1.0742E+00,1
 1.0723E+00,1
 1.0703E+00,1
 1.0732E+00,1
 1.0713E+00,1
 1.0684E+00,1
 1.0723E+00,1
 1.0713E+00,1
 1.0693E+00,1
 1.0703E+00,1
 1.0703E+00,1
 1.0664E+00,1
 1.0693E+00,1
 1.0693E+00,1
 1.0664E+00,1
 1.0674E+00,1
 1.0664E+00,1
 1.0674E+00,1
 1.0674E+00,1
 1.0674E+00,1
 1.0674E+00,1
 1.0684E+00,1
 1.0654E+00,1
 1.0693E+00,1
 1.0684E+00,1
 1.0664E+00,1
 1.0654E+00,1
 1.0654E+00,1
 1.0664E+00,1
 1.0664E+00,1
 1.0635E+00,1
 1.0674E+00,1
 1.0684E+00,1
 1.0645E+00,1
 1.0645E+00,1
 1.0664E+00,1
 1.0654E+00,1
 1.0654E+00,1
 1.0654E+00,1
 1.0625E+00,1
 1.0645E+00,1
 1.0645E+00,1
 1.0625E+00,1
 1.0615E+00,1
 1.0625E+00,1
 1.0625E+00,1
 1.0625E+00,1
 1.0635E+00,1
 1.0625E+00,1
 1.0625E+00,1
 1.0635E+00,1
 1.0605E+00,1
 1.0605E+00,1
 1.0635E+00,1
 1.0605E+00,1
 1.0586E+00,1
 1.0615E+00,1
 1.0605E+00,1
 1.0586E+00,1
 1.0596E+00,1
 1.0605E+00,1
 1.0586E+00,1
 1.0596E+00,1
 1.0596E+00,1
 1.0576E+00,1
 1.0576E+00,1
 1.0596E+00,1
 1.0566E+00,1
 1.0586E+00,1
 1.0586E+00,1
 1.0576E+00,1
 1.0566E+00,1
 1.0576E+00,1
 1.0557E+00,1
 1.0566E+00,1
 1.0557E+00,1
 1.0547E+00,1
 1.0547E+00,1
 1.0537E+00,1
 1.0527E+00,1
 1.0557E+00,1
 1.0557E+00,1
 1.0557E+00,1
 1.0557E+00,1
 1.0537E+00,1
 1.0527E+00,1
 1.0557E+00,1
 1.0547E+00,1
 1.0518E+00,1
 1.0537E+00,1
 1.0527E+00,1
 1.0547E+00,1
 1.0518E+00,1
 1.0537E+00,1
 1.0518E+00,1
 1.0518E+00,1
 1.0547E+00,1
 1.0508E+00,1
 1.0508E+00,1
 1.0527E+00,1
 1.0508E+00,1
 1.0518E+00,1
 1.0518E+00,1
 1.0488E+00,1
 1.0479E+00,1
 1.0508E+00,1
 1.0469E+00,1
 1.0479E+00,1
 1.0488E+00,1
 1.0488E+00,1
 1.0479E+00,1
 1.0488E+00,1
 1.0488E+00,1
 1.0479E+00,1
 1.0479E+00,1
 1.0488E+00,1
 1.0459E+00,1
 1.0488E+00,1
 1.0449E+00,1
 1.0449E+00,1
 1.0459E+00,1
 1.0449E+00,1
 1.0449E+00,1
 1.0439E+00,1
 1.0469E+00,1
 1.0449E+00,1
 1.0459E+00,1
 1.0449E+00,1
 1.0439E+00,1
 1.0488E+00,1
 1.0439E+00,1
 1.0459E+00,1
 1.0449E+00,1
 1.0459E+00,1
 1.0439E+00,1
 1.0469E+00,1
 1.0420E+00,1
 1.0439E+00,1
 1.0439E+00,1
 1.0439E+00,1
 1.0449E+00,1
 1.0459E+00,1
 1.0449E+00,1
 1.0449E+00,1
 1.0439E+00,1
 1.0430E+00,1
 1.0430E+00,1
 1.0430E+00,1
 1.0420E+00,1
 1.0420E+00,1
 1.0430E+00,1
 1.0439E+00,1
 1.0410E+00,1
 1.0449E+00,1
 1.0410E+00,1
 1.0381E+00,1
 1.0430E+00,1
 1.0410E+00,1
 1.0400E+00,1
 1.0430E+00,1
 1.0410E+00,1
 1.0400E+00,1
 1.0420E+00,1
 1.0391E+00,1
 1.0391E+00,1
 1.0410E+00,1
 1.0391E+00,1
 1.0391E+00,1
 1.0391E+00,1
 1.0391E+00,1
 1.0391E+00,1
 1.0400E+00,1
 1.0391E+00,1
 1.0391E+00,1
 1.0381E+00,1
 1.0371E+00,1
 1.0371E+00,1
 1.0410E+00,1
 1.0371E+00,1
 1.0361E+00,1
 1.0361E+00,1
 1.0371E+00,1
 1.0352E+00,1
 1.0371E+00,1
 1.0332E+00,1
 1.0342E+00,1
 1.0352E+00,1
 1.0322E+00,1
 1.0322E+00,1
 1.0313E+00,1
 1.0303E+00,1
 1.0322E+00,1
 1.0293E+00,1
 1.0283E+00,1
 1.0303E+00,1
 1.0293E+00,1
 1.0283E+00,1
 1.0303E+00,1
 1.0283E+00,1
 1.0293E+00,1
 1.0283E+00,1
 1.0293E+00,1
 1.0283E+00,1
 1.0283E+00,1
 1.0273E+00,1
 1.0273E+00,1
 1.0273E+00,1
 1.0273E+00,1
 1.0264E+00,1
 1.0283E+00,1
 1.0254E+00,1
 1.0254E+00,1
 1.0273E+00,1
 1.0264E+00,1
 1.0264E+00,1
 1.0264E+00,1
 1.0254E+00,1
 1.0283E+00,1
 1.0273E+00,1
 1.0273E+00,1
 1.0283E+00,1
 1.0283E+00,1
 1.0264E+00,1
 1.0273E+00,1
 1.0273E+00,1
 1.0254E+00,1
 1.0273E+00,1
 1.0264E+00,1
 1.0264E+00,1
 1.0273E+00,1
 1.0254E+00,1
 1.0254E+00,1
 1.0254E+00,1
 1.0264E+00,1
 1.0254E+00,1
 1.0283E+00,1
 1.0254E+00,1
 1.0254E+00,1
 1.0234E+00,1
 1.0244E+00,1
 1.0225E+00,1
 1.0273E+00,1
 1.0234E+00,1
 1.0234E+00,1
 1.0244E+00,1
 1.0215E+00,1
 1.0225E+00,1
 1.0234E+00,1
 1.0254E+00,1
 1.0234E+00,1
 1.0225E+00,1
 1.0215E+00,1
 1.0225E+00,1
 1.0205E+00,1
 1.0195E+00,1
 1.0215E+00,1
 1.0215E+00,1
 1.0225E+00,1
 1.0254E+00,1
 1.0225E+00,1
 1.0215E+00,1
 1.0234E+00,1
 1.0234E+00,1
 1.0215E+00,1
 1.0244E+00,1
 1.0215E+00,1
 1.0205E+00,1
 1.0195E+00,1
 1.0186E+00,1
 1.0186E+00,1
 1.0186E+00,1
 1.0195E+00,1
 1.0186E+00,1
 1.0215E+00,1
 1.0195E+00,1
 1.0205E+00,1
 1.0205E+00,1
 1.0176E+00,1
 1.0195E+00,1
 1.0186E+00,1
 1.0186E+00,1
 1.0186E+00,1
 1.0186E+00,1
 1.0195E+00,1
 1.0176E+00,1
 1.0186E+00,1
 1.0176E+00,1
 1.0215E+00,1
 1.0186E+00,1
 1.0186E+00,1
 1.0205E+00,1
 1.0166E+00,1
 1.0166E+00,1
 1.0176E+00,1
 1.0156E+00,1
 1.0176E+00,1
 1.0176E+00,1
 1.0166E+00,1
 1.0166E+00,1
 1.0176E+00,1
 1.0156E+00,1
 1.0176E+00,1
 1.0166E+00,1
 1.0166E+00,1
 1.0205E+00,1
 1.0146E+00,1
 1.0176E+00,1
 1.0156E+00,1
 1.0127E+00,1
 1.0156E+00,1
 1.0156E+00,1
 1.0166E+00,1
 1.0146E+00,1
 1.0166E+00,1
 1.0146E+00,1
 1.0156E+00,1
 1.0146E+00,1
 1.0137E+00,1
 1.0156E+00,1
 1.0137E+00,1
 1.0137E+00,1
 1.0146E+00,1
 1.0137E+00,1
 1.0146E+00,1
 1.0146E+00,1
 1.0117E+00,1
 1.0117E+00,1
 1.0137E+00,1
 1.0107E+00,1
 1.0137E+00,1
 1.0137E+00,1
 1.0117E+00,1
 1.0156E+00,1
 1.0107E+00,1
 1.0146E+00,1
 1.0146E+00,1
 1.0137E+00,1
 1.0137E+00,1
 1.0137E+00,1
 1.0107E+00,1
 1.0117E+00,1
 1.0098E+00,1
 1.0088E+00,1
 1.0107E+00,1
 1.0117E+00,1
 1.0088E+00,1
 1.0107E+00,1
 1.0107E+00,1
 1.0078E+00,1
 1.0098E+00,1
 1.0039E+00,1
 9.9219E-01,1
 9.7754E-01,1
 9.5801E-01,1
 9.3262E-01,1
 9.0723E-01,1
 8.7695E-01,1
 8.5254E-01,1
 8.2813E-01,1
 8.0566E-01,1
 7.8711E-01,1
 7.6758E-01,1
 7.5000E-01,1
 7.3828E-01,1
 7.2363E-01,1
 7.1094E-01,1
 7.0117E-01,1
 6.8945E-01,1
 6.8262E-01,1
 6.7480E-01,1
 6.6602E-01,1
 6.5820E-01,1
 6.5137E-01,1
 6.4258E-01,1
 6.3672E-01,1
 6.3086E-01,1
 6.2402E-01,1
 6.2012E-01,1
 6.1328E-01,1
 6.0938E-01,1
 6.0547E-01,1
 5.9961E-01,1
 5.9863E-01,1
 5.9570E-01,1
 5.9277E-01,1
 5.8984E-01,1
 5.8691E-01,1
 5.8203E-01,1
 5.8301E-01,1
 5.8008E-01,1
 5.7617E-01,1
 5.7422E-01,1
 5.7324E-01,1
 5.7031E-01,1
 5.7227E-01,1
 6.1230E-01,1
 6.8945E-01,1
 7.4219E-01,1
 7.5000E-01,1
 7.2363E-01,1
 6.8359E-01,1
 6.4160E-01,1
 6.0547E-01,1
 5.7715E-01,1
 5.5957E-01,1
 5.4883E-01,1
 5.3809E-01,1
 5.3516E-01,1
 5.2930E-01,1
 5.2148E-01,1
 5.1758E-01,1
 5.1074E-01,1
 5.0781E-01,1
 4.9902E-01,1
 4.9512E-01,1
 4.8926E-01,1
 4.8535E-01,1
 4.8047E-01,1
 4.7754E-01,1
 4.7461E-01,1
 4.7168E-01,1
 4.7070E-01,1
 4.6777E-01,1
 4.6582E-01,1
 4.6191E-01,1
 4.6387E-01,1
 4.5898E-01,1
 4.5898E-01,1
 4.5605E-01,1
 4.5410E-01,1
 4.5410E-01,1
 4.5117E-01,1
 4.5020E-01,1
 4.4922E-01,1
 4.4629E-01,1
 4.4629E-01,1
 4.4531E-01,1
 4.4043E-01,1
 4.4238E-01,1
 4.3945E-01,1
 4.3848E-01,1
 4.3848E-01,1
 4.3359E-01,1
 4.3457E-01,1
 4.3555E-01,1
 4.3066E-01,1
 4.3164E-01,1
 4.3066E-01,1
 4.2676E-01,1
 4.2773E-01,1
 4.2578E-01,1
 4.2578E-01,1
 4.2383E-01,1
 4.2285E-01,1
 4.2188E-01,1
 4.2188E-01,1
 4.1797E-01,1
 4.1992E-01,1
 4.1797E-01,1
 4.1699E-01,1
 4.1797E-01,1
 4.1504E-01,1
 4.1406E-01,1
 4.1504E-01,1
 4.1211E-01,1
 4.1211E-01,1
 4.1211E-01,1
 4.0918E-01,1
 4.1113E-01,1
 4.0820E-01,1
 4.0723E-01,1
 4.0918E-01,1
 4.0625E-01,1
 4.0723E-01,1
 4.0430E-01,1
 4.0332E-01,1
 4.0332E-01,1
 4.0137E-01,1
 4.0234E-01,1
 3.9844E-01,1
 4.0137E-01,1
 3.9746E-01,1
 3.9746E-01,1
 3.9648E-01,1
 3.9551E-01,1
 3.9648E-01,1
 3.9160E-01,1
 3.9453E-01,1
 3.9453E-01,1
 3.8965E-01,1
 3.9258E-01,1
 3.8965E-01,1
 3.8770E-01,1
 3.9063E-01,1
 3.8672E-01,1
 3.8574E-01,1
 3.8867E-01,1
 3.8281E-01,1
 3.8477E-01,1
 3.8477E-01,1
 3.8281E-01,1
 3.8281E-01,1
 3.8379E-01,1
 3.8184E-01,1
 3.7988E-01,1
 3.8086E-01,1
 3.7988E-01,1
 3.8086E-01,1
 3.7793E-01,1
 3.7793E-01,1
 3.7793E-01,1
 3.7793E-01,1
 3.7598E-01,1
 3.7695E-01,1
 3.7598E-01,1
 3.7598E-01,1
 3.7598E-01,1
 3.7305E-01,1
 3.7598E-01,1
 3.7305E-01,1
 3.7402E-01,1
 3.7207E-01,1
 3.7305E-01,1
 3.7305E-01,1
 3.7109E-01,1
 3.7012E-01,1
 3.7012E-01,1
 3.7012E-01,1
 3.6914E-01,1
 3.7109E-01,1
 3.6914E-01,1
 3.6914E-01,1
 3.6816E-01,1
 3.6816E-01,1
 3.6621E-01,1
 3.6719E-01,1
 3.6719E-01,1
 3.6621E-01,1
 3.6523E-01,1
 3.6426E-01,1
 3.6426E-01,1
 3.6523E-01,1
 3.6426E-01,1
 3.6230E-01,1
 3.6328E-01,1
 3.6328E-01,1
 3.6230E-01,1
 3.6230E-01,1
 3.6035E-01,1
 3.5938E-01,1
 3.6133E-01,1
 3.6133E-01,1
 3.5840E-01,1
 3.6035E-01,1
 3.5742E-01,1
 3.5938E-01,1
 3.5840E-01,1
 3.5840E-01,1
 3.5938E-01,1
 3.5938E-01,1
 3.5840E-01,1
 3.5742E-01,1
 3.5742E-01,1
 3.5840E-01,1
 3.5938E-01,1
 3.5742E-01,1
 3.5938E-01,1
 3.5742E-01,1
 3.5840E-01,1
 3.5840E-01,1
 3.5840E-01,1
 3.5742E-01,1
 3.5742E-01,1
 3.5840E-01,1
 3.5645E-01,1
 3.5645E-01,1
 3.5547E-01,1
 3.5449E-01,1
 3.5547E-01,1
 3.5352E-01,1
 3.5449E-01,1
 3.5352E-01,1
 3.5059E-01,1
 3.5059E-01,1
 3.5156E-01,1
 3.5254E-01,1
 3.4961E-01,1
 3.5059E-01,1
 3.5059E-01,1
 3.5059E-01,1
 3.4961E-01,1
 3.4961E-01,1
 3.4961E-01,1
 3.5059E-01,1
 3.4863E-01,1
 3.4668E-01,1
 3.5059E-01,1
 3.4863E-01,1
 3.4766E-01,1
 3.4863E-01,1
 3.4668E-01,1
 3.4570E-01,1
 3.4766E-01,1
 3.4863E-01,1
 3.4668E-01,1
 3.4570E-01,1
 3.4668E-01,1
 3.4668E-01,1
 3.4473E-01,1
 3.4473E-01,1
 3.4570E-01,1
 3.4277E-01,1
 3.4473E-01,1
 3.6230E-01,1
 4.3262E-01,1
 5.4199E-01,1
 6.3965E-01,1
 7.0996E-01,1
 7.6953E-01,1
 8.0762E-01,1
 8.2813E-01,1
 8.3984E-01,1
 8.4082E-01,1
 8.4375E-01,1
 8.4375E-01,1
 8.4570E-01,1
 8.4570E-01,1
 8.4570E-01,1
 8.4863E-01,1
 8.4863E-01,1
 8.4863E-01,1
 8.5059E-01,1
 8.5254E-01,1
 8.4863E-01,1
 8.5059E-01,1
 8.5156E-01,1
 8.5156E-01,1
 8.5156E-01,1
 8.5449E-01,1
 8.5547E-01,1
 8.5547E-01,1
 8.5742E-01,1
 8.6230E-01,1
 8.8281E-01,1
 8.8965E-01,1
 8.7305E-01,1
 8.4180E-01,1
 8.1445E-01,1
 7.9004E-01,1
 7.8906E-01,1
 8.1445E-01,1
 8.2617E-01,1
 8.2910E-01,1
 8.2031E-01,1
 8.0469E-01,1
 7.8418E-01,1
 7.6367E-01,1
 7.3926E-01,1
 7.2852E-01,1
 7.1484E-01,1
 7.0215E-01,1
 6.9531E-01,1
 6.9336E-01,1
 7.2656E-01,1
 7.9297E-01,1
 8.4570E-01,1
 8.7402E-01,1
 8.7402E-01,1
 8.5645E-01,1
 8.4082E-01,1
 8.3496E-01,1
 8.4668E-01,1
 8.6914E-01,1
 8.9453E-01,1
 9.2773E-01,1
 9.6387E-01,1
 9.8828E-01,1
 1.0117E+00,1
 1.0273E+00,1
 1.0371E+00,1
 1.0459E+00,1
 1.0479E+00,1
 1.0547E+00,1
 1.0566E+00,1
 1.0586E+00,1
 1.0605E+00,1
 1.0615E+00,1
 1.0625E+00,1
 1.0664E+00,1
 1.0684E+00,1
 1.0684E+00,1
 1.0693E+00,1
 1.0713E+00,1
 1.0723E+00,1
 1.0732E+00,1
 1.0703E+00,1
 1.0732E+00,1
 1.0762E+00,1
 1.0742E+00,1
 1.0801E+00,1
 1.0791E+00,1
 1.0791E+00,1
 1.0771E+00,1
 1.0791E+00,1
 1.0781E+00,1
 1.0830E+00,1
 1.0801E+00,1
 1.0820E+00,1
 1.0830E+00,1
 1.0820E+00,1
 1.0859E+00,1
 1.0830E+00,1
 1.0840E+00,1
 1.0869E+00,1
 1.0840E+00,1
 1.0869E+00,1
 1.0889E+00,1
 1.0869E+00,1
 1.0869E+00,1
 1.0879E+00,1
 1.0889E+00,1
 1.0908E+00,1
 1.0908E+00,1
 1.0908E+00,1
 1.0918E+00,1
 1.0918E+00,1
 1.0908E+00,1
 1.0938E+00,1
 1.0938E+00,1
 1.0938E+00,1
 1.0918E+00,1
 1.0898E+00,1
 1.0928E+00,1
 1.0908E+00,1
 1.0918E+00,1
 1.0918E+00,1
 1.0918E+00,1
 1.0947E+00,1
 1.0986E+00,1
 1.0938E+00,1
 1.0938E+00,1
 1.0957E+00,1
 1.0928E+00,1
 1.0967E+00,1
 1.0967E+00,1
 1.0947E+00,1
 1.0957E+00,1
 1.0967E+00,1
 1.0947E+00,1
 1.0977E+00,1
 1.0957E+00,1
 1.0967E+00,1
 1.0957E+00,1
 1.0947E+00,1
 1.0967E+00,1
 1.0957E+00,1
 1.0957E+00,1
 1.0986E+00,1
 1.0977E+00,1
 1.0986E+00,1
 1.0996E+00,1
 1.0957E+00,1
 1.0967E+00,1
 1.0996E+00,1
 1.0967E+00,1
 1.0986E+00,1
 1.0996E+00,1
 1.0986E+00,1
 1.0986E+00,1
 1.0986E+00,1
 1.0996E+00,1
 1.1016E+00,1
 1.0996E+00,1
 1.1016E+00,1
 1.1006E+00,1
 1.0996E+00,1
 1.0996E+00,1
 1.1006E+00,1
 1.0986E+00,1
 1.0898E+00,1
 1.0840E+00,1
 1.0811E+00,1
 1.0801E+00,1
 1.0752E+00,1
 1.0771E+00,1
 1.0762E+00,1
 1.0742E+00,1
 1.0732E+00,1
 1.0723E+00,1
 1.0684E+00,1
 1.0703E+00,1
 1.0713E+00,1
 1.0693E+00,1
 1.0713E+00,1
 1.0693E+00,1
