"",""
 1.0674E+00, 1.0703E+00,3,1,1,01-23-18,18:19:46
 1.0674E+00, 1.0693E+00,1
 1.0674E+00, 1.0693E+00,1
 1.0693E+00, 1.0684E+00,1
 1.0674E+00, 1.0674E+00,1
 1.0684E+00, 1.0664E+00,1
 1.0664E+00, 1.0674E+00,1
 1.0674E+00, 1.0664E+00,1
 1.0664E+00, 1.0674E+00,1
 1.0674E+00, 1.0684E+00,1
 1.0654E+00, 1.0674E+00,1
 1.0664E+00, 1.0674E+00,1
 1.0674E+00, 1.0684E+00,1
 1.0664E+00, 1.0684E+00,1
 1.0674E+00, 1.0693E+00,1
 1.0664E+00, 1.0684E+00,1
 1.0674E+00, 1.0684E+00,1
 1.0684E+00, 1.0684E+00,1
 1.0684E+00, 1.0684E+00,1
 1.0664E+00, 1.0684E+00,1
 1.0664E+00, 1.0684E+00,1
 1.0674E+00, 1.0684E+00,1
 1.0684E+00, 1.0684E+00,1
 1.0684E+00, 1.0684E+00,1
 1.0674E+00, 1.0674E+00,1
 1.0674E+00, 1.0654E+00,1
 1.0684E+00, 1.0664E+00,1
 1.0674E+00, 1.0664E+00,1
 1.0674E+00, 1.0654E+00,1
 1.0664E+00, 1.0654E+00,1
 1.0654E+00, 1.0645E+00,1
 1.0654E+00, 1.0664E+00,1
 1.0664E+00, 1.0674E+00,1
 1.0654E+00, 1.0674E+00,1
 1.0645E+00, 1.0674E+00,1
 1.0654E+00, 1.0693E+00,1
 1.0645E+00, 1.0693E+00,1
 1.0654E+00, 1.0684E+00,1
 1.0635E+00, 1.0674E+00,1
 1.0635E+00, 1.0693E+00,1
 1.0645E+00, 1.0703E+00,1
 1.0635E+00, 1.0703E+00,1
 1.0635E+00, 1.0684E+00,1
 1.0635E+00, 1.0693E+00,1
 1.0645E+00, 1.0693E+00,1
 1.0635E+00, 1.0703E+00,1
 1.0625E+00, 1.0693E+00,1
 1.0635E+00, 1.0703E+00,1
 1.0635E+00, 1.0703E+00,1
 1.0635E+00, 1.0703E+00,1
 1.0625E+00, 1.0693E+00,1
 1.0625E+00, 1.0674E+00,1
 1.0635E+00, 1.0703E+00,1
 1.0635E+00, 1.0684E+00,1
 1.0635E+00, 1.0664E+00,1
 1.0635E+00, 1.0664E+00,1
 1.0635E+00, 1.0664E+00,1
 1.0635E+00, 1.0664E+00,1
 1.0615E+00, 1.0664E+00,1
 1.0625E+00, 1.0664E+00,1
 1.0625E+00, 1.0664E+00,1
 1.0615E+00, 1.0664E+00,1
 1.0615E+00, 1.0654E+00,1
 1.0625E+00, 1.0664E+00,1
 1.0615E+00, 1.0664E+00,1
 1.0615E+00, 1.0664E+00,1
 1.0615E+00, 1.0664E+00,1
 1.0615E+00, 1.0664E+00,1
 1.0615E+00, 1.0674E+00,1
 1.0615E+00, 1.0654E+00,1
 1.0625E+00, 1.0674E+00,1
 1.0625E+00, 1.0674E+00,1
 1.0625E+00, 1.0674E+00,1
 1.0625E+00, 1.0684E+00,1
 1.0615E+00, 1.0674E+00,1
 1.0635E+00, 1.0674E+00,1
 1.0625E+00, 1.0674E+00,1
 1.0625E+00, 1.0684E+00,1
 1.0615E+00, 1.0674E+00,1
 1.0615E+00, 1.0664E+00,1
 1.0605E+00, 1.0664E+00,1
 1.0605E+00, 1.0664E+00,1
 1.0615E+00, 1.0664E+00,1
 1.0615E+00, 1.0654E+00,1
 1.0596E+00, 1.0615E+00,1
 1.0615E+00, 1.0635E+00,1
 1.0596E+00, 1.0635E+00,1
 1.0596E+00, 1.0605E+00,1
 1.0596E+00, 1.0605E+00,1
 1.0605E+00, 1.0615E+00,1
 1.0615E+00, 1.0625E+00,1
 1.0596E+00, 1.0625E+00,1
 1.0596E+00, 1.0615E+00,1
 1.0605E+00, 1.0605E+00,1
 1.0605E+00, 1.0625E+00,1
 1.0596E+00, 1.0625E+00,1
 1.0615E+00, 1.0625E+00,1
 1.0596E+00, 1.0615E+00,1
 1.0596E+00, 1.0625E+00,1
 1.0586E+00, 1.0615E+00,1
 1.0586E+00, 1.0615E+00,1
 1.0586E+00, 1.0615E+00,1
 1.0596E+00, 1.0615E+00,1
 1.0586E+00, 1.0615E+00,1
 1.0586E+00, 1.0635E+00,1
 1.0576E+00, 1.0615E+00,1
 1.0586E+00, 1.0615E+00,1
 1.0586E+00, 1.0625E+00,1
 1.0586E+00, 1.0605E+00,1
 1.0596E+00, 1.0625E+00,1
 1.0596E+00, 1.0605E+00,1
 1.0586E+00, 1.0576E+00,1
 1.0586E+00, 1.0586E+00,1
 1.0596E+00, 1.0596E+00,1
 1.0605E+00, 1.0586E+00,1
 1.0615E+00, 1.0586E+00,1
 1.0596E+00, 1.0586E+00,1
 1.0596E+00, 1.0586E+00,1
 1.0596E+00, 1.0596E+00,1
 1.0596E+00, 1.0586E+00,1
 1.0596E+00, 1.0596E+00,1
 1.0605E+00, 1.0586E+00,1
 1.0596E+00, 1.0596E+00,1
 1.0605E+00, 1.0605E+00,1
 1.0586E+00, 1.0596E+00,1
 1.0605E+00, 1.0586E+00,1
 1.0596E+00, 1.0596E+00,1
 1.0615E+00, 1.0596E+00,1
 1.0596E+00, 1.0566E+00,1
 1.0596E+00, 1.0566E+00,1
 1.0605E+00, 1.0566E+00,1
 1.0605E+00, 1.0566E+00,1
 1.0615E+00, 1.0576E+00,1
 1.0605E+00, 1.0557E+00,1
 1.0596E+00, 1.0566E+00,1
 1.0596E+00, 1.0586E+00,1
 1.0596E+00, 1.0576E+00,1
 1.0576E+00, 1.0576E+00,1
 1.0586E+00, 1.0566E+00,1
 1.0576E+00, 1.0576E+00,1
 1.0596E+00, 1.0576E+00,1
 1.0576E+00, 1.0566E+00,1
 1.0576E+00, 1.0557E+00,1
 1.0586E+00, 1.0547E+00,1
 1.0586E+00, 1.0537E+00,3,2,0,01-23-18,18:22:10,"1, 50ul succ"
 1.0596E+00, 1.0518E+00,1
 1.0576E+00, 1.0527E+00,1
 1.0566E+00, 1.0527E+00,1
 1.0576E+00, 1.0527E+00,1
 1.0566E+00, 1.0518E+00,1
 1.0547E+00, 1.0527E+00,3,3,0,01-23-18,18:22:16,"2, 50ul succ"
 1.0557E+00, 1.0527E+00,1
 1.0537E+00, 1.0527E+00,1
 1.0527E+00, 1.0518E+00,1
 1.0518E+00, 1.0508E+00,1
 1.0518E+00, 1.0508E+00,1
 1.0518E+00, 1.0508E+00,1
 1.0498E+00, 1.0508E+00,1
 1.0488E+00, 1.0488E+00,1
 1.0479E+00, 1.0498E+00,1
 1.0479E+00, 1.0498E+00,1
 1.0469E+00, 1.0488E+00,1
 1.0459E+00, 1.0479E+00,1
 1.0449E+00, 1.0469E+00,1
 1.0439E+00, 1.0469E+00,1
 1.0439E+00, 1.0449E+00,1
 1.0420E+00, 1.0449E+00,1
 1.0400E+00, 1.0439E+00,1
 1.0410E+00, 1.0420E+00,1
 1.0391E+00, 1.0420E+00,1
 1.0381E+00, 1.0400E+00,1
 1.0371E+00, 1.0391E+00,1
 1.0371E+00, 1.0400E+00,1
 1.0352E+00, 1.0400E+00,1
 1.0342E+00, 1.0381E+00,1
 1.0322E+00, 1.0371E+00,1
 1.0313E+00, 1.0381E+00,1
 1.0303E+00, 1.0371E+00,1
 1.0303E+00, 1.0361E+00,1
 1.0283E+00, 1.0342E+00,1
 1.0273E+00, 1.0342E+00,1
 1.0273E+00, 1.0332E+00,1
 1.0264E+00, 1.0332E+00,1
 1.0264E+00, 1.0313E+00,1
 1.0225E+00, 1.0313E+00,1
 1.0225E+00, 1.0303E+00,1
 1.0205E+00, 1.0283E+00,1
 1.0195E+00, 1.0273E+00,1
 1.0176E+00, 1.0244E+00,1
 1.0146E+00, 1.0254E+00,1
 1.0166E+00, 1.0244E+00,1
 1.0166E+00, 1.0244E+00,1
 1.0137E+00, 1.0225E+00,1
 1.0137E+00, 1.0234E+00,1
 1.0117E+00, 1.0195E+00,1
 1.0078E+00, 1.0195E+00,1
 1.0088E+00, 1.0166E+00,1
 1.0078E+00, 1.0166E+00,1
 1.0059E+00, 1.0176E+00,1
 1.0059E+00, 1.0156E+00,1
 1.0039E+00, 1.0156E+00,1
 1.0020E+00, 1.0137E+00,1
 1.0000E+00, 1.0117E+00,1
 1.0000E+00, 1.0107E+00,1
 9.9902E-01, 1.0098E+00,1
 9.9707E-01, 1.0078E+00,1
 9.9707E-01, 1.0068E+00,1
 9.9512E-01, 1.0059E+00,1
 9.9414E-01, 1.0039E+00,1
 9.9316E-01, 1.0049E+00,1
 9.9414E-01, 1.0029E+00,1
 9.9023E-01, 1.0029E+00,1
 9.9023E-01, 1.0010E+00,1
 9.8633E-01, 1.0010E+00,1
 9.8633E-01, 9.9902E-01,1
 9.8633E-01, 9.9805E-01,1
 9.8340E-01, 9.9707E-01,1
 9.8242E-01, 9.9512E-01,1
 9.8047E-01, 9.9414E-01,1
 9.8047E-01, 9.9316E-01,1
 9.7754E-01, 9.9219E-01,1
 9.7754E-01, 9.9023E-01,1
 9.7559E-01, 9.8730E-01,1
 9.7461E-01, 9.8828E-01,1
 9.7363E-01, 9.8633E-01,1
 9.7168E-01, 9.8535E-01,1
 9.6973E-01, 9.8438E-01,1
 9.7070E-01, 9.8340E-01,1
 9.6777E-01, 9.8047E-01,1
 9.6680E-01, 9.8047E-01,1
 9.6484E-01, 9.7852E-01,1
 9.6484E-01, 9.7754E-01,1
 9.6484E-01, 9.7559E-01,1
 9.6191E-01, 9.7266E-01,1
 9.6094E-01, 9.7168E-01,1
 9.5996E-01, 9.7070E-01,1
 9.5898E-01, 9.7070E-01,1
 9.5801E-01, 9.6875E-01,1
 9.5508E-01, 9.6777E-01,1
 9.5313E-01, 9.6680E-01,1
 9.5508E-01, 9.6582E-01,1
 9.5313E-01, 9.6484E-01,1
 9.5117E-01, 9.6289E-01,1
 9.4824E-01, 9.6094E-01,1
 9.4922E-01, 9.5996E-01,1
 9.4727E-01, 9.5898E-01,1
 9.4434E-01, 9.5703E-01,1
 9.4434E-01, 9.5605E-01,1
 9.4336E-01, 9.5508E-01,1
 9.4238E-01, 9.5508E-01,1
 9.4141E-01, 9.5215E-01,1
 9.3945E-01, 9.5020E-01,1
 9.3848E-01, 9.4824E-01,1
 9.3750E-01, 9.4922E-01,1
 9.3652E-01, 9.4629E-01,1
 9.3359E-01, 9.4629E-01,1
 9.3262E-01, 9.4434E-01,1
 9.3262E-01, 9.4531E-01,1
 9.3262E-01, 9.4336E-01,1
 9.3164E-01, 9.4141E-01,1
 9.2871E-01, 9.4043E-01,1
 9.2871E-01, 9.3652E-01,1
 9.2773E-01, 9.3555E-01,1
 9.2676E-01, 9.3457E-01,1
 9.2578E-01, 9.3555E-01,1
 9.2383E-01, 9.3359E-01,1
 9.2383E-01, 9.3262E-01,1
 9.2285E-01, 9.3262E-01,1
 9.2188E-01, 9.3164E-01,1
 9.1992E-01, 9.2773E-01,1
 9.1992E-01, 9.2676E-01,1
 9.1895E-01, 9.2676E-01,1
 9.1699E-01, 9.2676E-01,1
 9.1699E-01, 9.2383E-01,1
 9.1504E-01, 9.2480E-01,1
 9.1406E-01, 9.2480E-01,1
 9.1309E-01, 9.2188E-01,1
 9.1211E-01, 9.1992E-01,1
 9.1016E-01, 9.1895E-01,1
 9.1016E-01, 9.1797E-01,1
 9.0918E-01, 9.1797E-01,1
 9.0723E-01, 9.1699E-01,1
 9.0625E-01, 9.1504E-01,1
 9.0625E-01, 9.1406E-01,1
 9.0527E-01, 9.1309E-01,1
 9.0332E-01, 9.1406E-01,1
 9.0234E-01, 9.1211E-01,1
 9.0234E-01, 9.1211E-01,1
 9.0039E-01, 9.1016E-01,1
 8.9941E-01, 9.0918E-01,1
 8.9844E-01, 9.0723E-01,1
 8.9746E-01, 9.0527E-01,1
 8.9844E-01, 9.0625E-01,1
 8.9551E-01, 9.0430E-01,1
 8.9453E-01, 9.0527E-01,1
 8.9355E-01, 9.0332E-01,1
 8.9258E-01, 9.0430E-01,1
 8.9160E-01, 9.0332E-01,1
 8.8965E-01, 9.0137E-01,1
 8.8867E-01, 8.9941E-01,1
 8.8770E-01, 9.0039E-01,1
 8.8770E-01, 8.9941E-01,1
 8.8574E-01, 8.9648E-01,1
 8.8379E-01, 8.9551E-01,1
 8.8281E-01, 8.9648E-01,1
 8.8184E-01, 8.9453E-01,1
 8.8086E-01, 8.9258E-01,1
 8.7988E-01, 8.9258E-01,1
 8.7793E-01, 8.9160E-01,1
 8.7891E-01, 8.9063E-01,1
 8.7695E-01, 8.8965E-01,1
 8.7598E-01, 8.8672E-01,1
 8.7598E-01, 8.8672E-01,1
 8.7500E-01, 8.8672E-01,1
 8.7305E-01, 8.8477E-01,1
 8.7305E-01, 8.8281E-01,1
 8.7109E-01, 8.8281E-01,1
 8.7109E-01, 8.8184E-01,1
 8.6914E-01, 8.7988E-01,1
 8.6816E-01, 8.7891E-01,1
 8.6621E-01, 8.7793E-01,1
 8.6621E-01, 8.7598E-01,1
 8.6426E-01, 8.7598E-01,1
 8.6230E-01, 8.7598E-01,1
 8.6133E-01, 8.7305E-01,1
 8.6133E-01, 8.7207E-01,1
 8.5938E-01, 8.7207E-01,1
 8.5840E-01, 8.7109E-01,1
 8.5645E-01, 8.7109E-01,1
 8.5449E-01, 8.7012E-01,1
 8.5449E-01, 8.6914E-01,1
 8.5449E-01, 8.6621E-01,1
 8.5156E-01, 8.6621E-01,1
 8.5059E-01, 8.6328E-01,1
 8.4961E-01, 8.6328E-01,1
 8.4863E-01, 8.6328E-01,1
 8.4766E-01, 8.6133E-01,1
 8.4570E-01, 8.5938E-01,1
 8.4473E-01, 8.5840E-01,1
 8.4375E-01, 8.5645E-01,1
 8.4277E-01, 8.5547E-01,1
 8.4277E-01, 8.5547E-01,1
 8.3887E-01, 8.5156E-01,1
 8.3789E-01, 8.4961E-01,1
 8.3789E-01, 8.4961E-01,1
 8.3691E-01, 8.4766E-01,1
 8.3398E-01, 8.4766E-01,1
 8.3203E-01, 8.4473E-01,1
 8.3008E-01, 8.4375E-01,1
 8.2715E-01, 8.4277E-01,1
 8.2520E-01, 8.4277E-01,1
 8.2227E-01, 8.3984E-01,1
 8.2031E-01, 8.3887E-01,1
 8.2031E-01, 8.3789E-01,1
 8.1934E-01, 8.3691E-01,1
 8.1445E-01, 8.3496E-01,1
 8.1445E-01, 8.3398E-01,1
 8.1348E-01, 8.3301E-01,1
 8.1152E-01, 8.3105E-01,1
 8.1055E-01, 8.3008E-01,1
 8.0859E-01, 8.2617E-01,1
 8.0762E-01, 8.2715E-01,1
 8.0762E-01, 8.2813E-01,1
 8.0469E-01, 8.2422E-01,1
 8.0371E-01, 8.2227E-01,1
 8.0176E-01, 8.2227E-01,1
 8.0176E-01, 8.2031E-01,1
 8.0078E-01, 8.2031E-01,1
 7.9980E-01, 8.1836E-01,1
 7.9785E-01, 8.1738E-01,1
 7.9688E-01, 8.1641E-01,1
 7.9688E-01, 8.1641E-01,1
 7.9688E-01, 8.1445E-01,1
 7.9590E-01, 8.1250E-01,1
 7.9395E-01, 8.1055E-01,1
 7.9297E-01, 8.1055E-01,1
 7.9199E-01, 8.1055E-01,1
 7.9102E-01, 8.0762E-01,1
 7.9004E-01, 8.0664E-01,1
 7.9004E-01, 8.0762E-01,1
 7.8906E-01, 8.0469E-01,1
 7.8809E-01, 8.0566E-01,1
 7.8711E-01, 8.0273E-01,1
 7.8516E-01, 8.0078E-01,1
 7.8418E-01, 7.9980E-01,1
 7.8418E-01, 7.9980E-01,1
 7.8418E-01, 7.9785E-01,1
 7.8320E-01, 7.9688E-01,1
 7.8223E-01, 7.9688E-01,1
 7.8027E-01, 7.9492E-01,1
 7.8027E-01, 7.9492E-01,1
 7.7734E-01, 7.9297E-01,1
 7.7734E-01, 7.9199E-01,1
 7.7734E-01, 7.9297E-01,1
 7.7637E-01, 7.9199E-01,1
 7.7344E-01, 7.9102E-01,1
 7.7344E-01, 7.8906E-01,1
 7.7148E-01, 7.8809E-01,1
 7.7148E-01, 7.8906E-01,1
 7.7148E-01, 7.8809E-01,1
 7.6855E-01, 7.8613E-01,1
 7.6758E-01, 7.8418E-01,1
 7.6563E-01, 7.8418E-01,1
 7.6563E-01, 7.8320E-01,1
 7.6465E-01, 7.8223E-01,1
 7.6367E-01, 7.8027E-01,1
 7.6074E-01, 7.7832E-01,1
 7.6074E-01, 7.7832E-01,1
 7.6074E-01, 7.7832E-01,1
 7.5879E-01, 7.7637E-01,1
 7.5781E-01, 7.7539E-01,1
 7.5781E-01, 7.7832E-01,1
 7.5684E-01, 7.7539E-01,1
 7.5586E-01, 7.7539E-01,1
 7.5488E-01, 7.7441E-01,1
 7.5293E-01, 7.7246E-01,1
 7.5293E-01, 7.6953E-01,1
 7.5098E-01, 7.6953E-01,1
 7.4902E-01, 7.6660E-01,1
 7.4805E-01, 7.6660E-01,1
 7.4707E-01, 7.6660E-01,1
 7.4707E-01, 7.6563E-01,1
 7.4512E-01, 7.6465E-01,1
 7.4512E-01, 7.6270E-01,1
 7.4219E-01, 7.6074E-01,1
 7.4219E-01, 7.5977E-01,1
 7.4316E-01, 7.5977E-01,1
 7.4023E-01, 7.5781E-01,1
 7.4023E-01, 7.5586E-01,1
 7.4121E-01, 7.5684E-01,1
 7.4023E-01, 7.5488E-01,1
 7.4023E-01, 7.5391E-01,1
 7.3926E-01, 7.5195E-01,1
 7.3730E-01, 7.4902E-01,3,4,0,01-23-18,18:26:59,"1, 50ul 10um cpz"
 7.3633E-01, 7.4902E-01,1
 7.3730E-01, 7.4902E-01,1
 7.3633E-01, 7.4902E-01,1
 7.3438E-01, 7.4902E-01,1
 7.3535E-01, 7.5000E-01,1
 7.3438E-01, 7.4805E-01,3,5,0,01-23-18,18:27:05,"2, 50ul 10um cpz"
 7.3340E-01, 7.4805E-01,1
 7.3242E-01, 7.4902E-01,1
 7.3145E-01, 7.4707E-01,1
 7.3047E-01, 7.4609E-01,1
 7.3047E-01, 7.4609E-01,1
 7.3145E-01, 7.4512E-01,1
 7.3145E-01, 7.4414E-01,1
 7.3242E-01, 7.4316E-01,1
 7.2949E-01, 7.4121E-01,1
 7.3047E-01, 7.4121E-01,1
 7.3145E-01, 7.4121E-01,1
 7.3047E-01, 7.4023E-01,1
 7.2852E-01, 7.3926E-01,1
 7.2949E-01, 7.3926E-01,1
 7.2754E-01, 7.3633E-01,1
 7.2559E-01, 7.3535E-01,1
 7.2363E-01, 7.3438E-01,1
 7.2363E-01, 7.3340E-01,1
 7.2168E-01, 7.3145E-01,1
 7.1973E-01, 7.3047E-01,1
 7.1973E-01, 7.2949E-01,1
 7.1777E-01, 7.2852E-01,1
 7.1777E-01, 7.2656E-01,1
 7.1680E-01, 7.2656E-01,1
 7.1680E-01, 7.2559E-01,1
 7.1582E-01, 7.2461E-01,1
 7.1289E-01, 7.2266E-01,1
 7.1289E-01, 7.2070E-01,1
 7.1191E-01, 7.1875E-01,1
 7.1094E-01, 7.1875E-01,1
 7.0996E-01, 7.1680E-01,1
 7.0996E-01, 7.1582E-01,1
 7.0898E-01, 7.1680E-01,1
 7.0801E-01, 7.1484E-01,1
 7.0605E-01, 7.1289E-01,1
 7.0508E-01, 7.1094E-01,1
 7.0508E-01, 7.0996E-01,1
 7.0215E-01, 7.0898E-01,1
 7.0215E-01, 7.0801E-01,1
 7.0020E-01, 7.0703E-01,1
 6.9922E-01, 7.0703E-01,1
 6.9824E-01, 7.0605E-01,1
 6.9824E-01, 7.0410E-01,1
 6.9629E-01, 7.0313E-01,1
 6.9434E-01, 7.0117E-01,1
 6.9336E-01, 6.9922E-01,1
 6.9336E-01, 6.9922E-01,1
 6.9238E-01, 6.9824E-01,1
 6.9043E-01, 6.9727E-01,1
 6.8945E-01, 6.9434E-01,1
 6.8945E-01, 6.9336E-01,1
 6.8848E-01, 6.9336E-01,1
 6.8652E-01, 6.9141E-01,1
 6.8555E-01, 6.8945E-01,1
 6.8359E-01, 6.8945E-01,1
 6.8359E-01, 6.8750E-01,1
 6.8164E-01, 6.8652E-01,1
 6.8066E-01, 6.8457E-01,1
 6.8066E-01, 6.8457E-01,1
 6.7969E-01, 6.8359E-01,1
 6.7871E-01, 6.8164E-01,1
 6.7773E-01, 6.7969E-01,1
 6.7578E-01, 6.7773E-01,1
 6.7578E-01, 6.7773E-01,1
 6.7383E-01, 6.7676E-01,1
 6.7285E-01, 6.7676E-01,1
 6.7188E-01, 6.7480E-01,1
 6.7090E-01, 6.7383E-01,1
 6.6895E-01, 6.7285E-01,1
 6.6797E-01, 6.7383E-01,1
 6.6895E-01, 6.7090E-01,1
 6.6504E-01, 6.6992E-01,1
 6.6504E-01, 6.6699E-01,1
 6.6602E-01, 6.6992E-01,1
 6.6406E-01, 6.6797E-01,1
 6.6309E-01, 6.6602E-01,1
 6.6113E-01, 6.6504E-01,1
 6.6113E-01, 6.6406E-01,1
 6.6016E-01, 6.6309E-01,1
 6.5918E-01, 6.6211E-01,1
 6.5625E-01, 6.6016E-01,1
 6.5625E-01, 6.5820E-01,1
 6.5625E-01, 6.5918E-01,1
 6.5430E-01, 6.5820E-01,1
 6.5430E-01, 6.5723E-01,1
 6.5234E-01, 6.5527E-01,1
 6.5039E-01, 6.5527E-01,1
 6.5039E-01, 6.5332E-01,1
 6.4941E-01, 6.5527E-01,1
 6.4844E-01, 6.5137E-01,1
 6.4453E-01, 6.5137E-01,1
 6.4551E-01, 6.5039E-01,1
 6.4551E-01, 6.5137E-01,1
 6.4355E-01, 6.4844E-01,1
 6.4160E-01, 6.4746E-01,1
 6.4160E-01, 6.4551E-01,1
 6.4160E-01, 6.4551E-01,1
 6.4160E-01, 6.4551E-01,1
 6.3965E-01, 6.4258E-01,1
 6.3672E-01, 6.4258E-01,1
 6.3672E-01, 6.4258E-01,1
 6.3574E-01, 6.4160E-01,1
 6.3477E-01, 6.4063E-01,1
 6.3379E-01, 6.3770E-01,1
 6.3281E-01, 6.3770E-01,1
 6.3184E-01, 6.3574E-01,1
 6.3086E-01, 6.3574E-01,1
 6.3086E-01, 6.3477E-01,1
 6.3184E-01, 6.3477E-01,1
 6.2988E-01, 6.3379E-01,1
 6.2891E-01, 6.3281E-01,1
 6.2891E-01, 6.3281E-01,1
 6.2891E-01, 6.3086E-01,1
 6.2695E-01, 6.3086E-01,1
 6.2500E-01, 6.2891E-01,1
 6.2402E-01, 6.2891E-01,1
 6.2305E-01, 6.2793E-01,1
 6.2305E-01, 6.2695E-01,1
 6.2207E-01, 6.2500E-01,1
 6.2109E-01, 6.2500E-01,1
 6.2012E-01, 6.2305E-01,1
 6.1816E-01, 6.2305E-01,1
 6.1816E-01, 6.2012E-01,1
 6.1719E-01, 6.2012E-01,1
 6.1621E-01, 6.1914E-01,1
 6.1621E-01, 6.1816E-01,1
 6.1523E-01, 6.1816E-01,1
 6.1328E-01, 6.1621E-01,1
 6.1328E-01, 6.1426E-01,1
 6.1133E-01, 6.1523E-01,1
 6.1035E-01, 6.1523E-01,1
 6.0938E-01, 6.1426E-01,1
 6.0840E-01, 6.1328E-01,1
 6.0840E-01, 6.1133E-01,1
 6.0742E-01, 6.1133E-01,1
 6.0645E-01, 6.1133E-01,1
 6.0449E-01, 6.1035E-01,1
 6.0449E-01, 6.0938E-01,1
 6.0254E-01, 6.0742E-01,1
 6.0254E-01, 6.0645E-01,1
 6.0156E-01, 6.0547E-01,1
 6.0059E-01, 6.0449E-01,1
 5.9766E-01, 6.0254E-01,1
 5.9766E-01, 6.0352E-01,1
 5.9863E-01, 6.0156E-01,1
 5.9668E-01, 6.0156E-01,1
 5.9570E-01, 5.9961E-01,1
 5.9473E-01, 5.9863E-01,1
 5.9277E-01, 5.9863E-01,1
 5.9277E-01, 5.9766E-01,1
 5.9082E-01, 5.9570E-01,1
 5.9082E-01, 5.9375E-01,1
 5.8984E-01, 5.9277E-01,1
 5.8887E-01, 5.9277E-01,1
 5.8789E-01, 5.9082E-01,1
 5.8594E-01, 5.9082E-01,1
 5.8496E-01, 5.8789E-01,1
 5.8301E-01, 5.8789E-01,1
 5.8301E-01, 5.8691E-01,1
 5.8203E-01, 5.8594E-01,1
 5.8203E-01, 5.8398E-01,1
 5.8008E-01, 5.8203E-01,1
 5.7813E-01, 5.8203E-01,1
 5.7910E-01, 5.8203E-01,1
 5.7715E-01, 5.8105E-01,1
 5.7617E-01, 5.7910E-01,1
 5.7422E-01, 5.7715E-01,1
 5.7324E-01, 5.7617E-01,1
 5.7227E-01, 5.7520E-01,1
 5.7227E-01, 5.7324E-01,1
 5.6934E-01, 5.7227E-01,1
 5.6934E-01, 5.7129E-01,1
 5.6836E-01, 5.6934E-01,1
 5.6738E-01, 5.6836E-01,1
 5.6738E-01, 5.6836E-01,1
 5.6543E-01, 5.6543E-01,1
 5.6348E-01, 5.6348E-01,1
 5.6250E-01, 5.6152E-01,1
 5.6152E-01, 5.6152E-01,1
 5.6055E-01, 5.5957E-01,1
 5.5859E-01, 5.5859E-01,1
 5.5859E-01, 5.5762E-01,1
 5.5859E-01, 5.5469E-01,1
 5.5762E-01, 5.5371E-01,1
 5.5469E-01, 5.5176E-01,1
 5.5469E-01, 5.5078E-01,1
 5.5469E-01, 5.5078E-01,1
 5.5469E-01, 5.4980E-01,1
 5.5273E-01, 5.4883E-01,1
 5.5176E-01, 5.4590E-01,1
 5.4883E-01, 5.4395E-01,1
 5.4883E-01, 5.4297E-01,1
 5.4785E-01, 5.4199E-01,1
 5.4688E-01, 5.4297E-01,1
 5.4590E-01, 5.4004E-01,1
 5.4492E-01, 5.4004E-01,1
 5.4297E-01, 5.3711E-01,1
 5.4297E-01, 5.3711E-01,1
 5.4199E-01, 5.3613E-01,1
 5.4102E-01, 5.3418E-01,1
 5.4102E-01, 5.3320E-01,1
 5.4102E-01, 5.3320E-01,1
 5.3906E-01, 5.3125E-01,1
 5.3711E-01, 5.3027E-01,1
 5.3613E-01, 5.2930E-01,1
 5.3516E-01, 5.2832E-01,1
 5.3516E-01, 5.2734E-01,1
 5.3516E-01, 5.2734E-01,1
 5.3418E-01, 5.2637E-01,1
 5.3223E-01, 5.2539E-01,1
 5.3027E-01, 5.2344E-01,1
 5.3027E-01, 5.2344E-01,1
 5.3027E-01, 5.2344E-01,1
 5.2832E-01, 5.2148E-01,1
 5.2734E-01, 5.2051E-01,1
 5.2637E-01, 5.2051E-01,1
 5.2637E-01, 5.1855E-01,1
 5.2344E-01, 5.1855E-01,1
 5.2344E-01, 5.1563E-01,1
 5.2246E-01, 5.1563E-01,1
 5.2148E-01, 5.1563E-01,1
 5.2148E-01, 5.1465E-01,1
 5.2051E-01, 5.1367E-01,1
 5.1855E-01, 5.1270E-01,1
 5.1758E-01, 5.0977E-01,1
 5.1758E-01, 5.1074E-01,1
 5.1563E-01, 5.1074E-01,1
 5.1465E-01, 5.0879E-01,1
 5.1367E-01, 5.0781E-01,1
 5.1367E-01, 5.0781E-01,1
 5.1172E-01, 5.0684E-01,1
 5.1172E-01, 5.0586E-01,1
 5.1074E-01, 5.0488E-01,1
 5.0977E-01, 5.0293E-01,1
 5.0879E-01, 5.0293E-01,1
 5.0684E-01, 5.0293E-01,1
 5.0586E-01, 5.0098E-01,1
 5.0488E-01, 5.0098E-01,1
 5.0488E-01, 5.0000E-01,1
 5.0488E-01, 4.9902E-01,1
 5.0195E-01, 5.0000E-01,1
 5.0098E-01, 4.9609E-01,1
 5.0000E-01, 4.9609E-01,1
 5.0000E-01, 4.9512E-01,1
 4.9902E-01, 4.9512E-01,1
 4.9805E-01, 4.9316E-01,1
 4.9707E-01, 4.9121E-01,1
 4.9609E-01, 4.9121E-01,1
 4.9512E-01, 4.8926E-01,1
 4.9512E-01, 4.8926E-01,1
 4.9414E-01, 4.8926E-01,1
 4.9316E-01, 4.8828E-01,1
 4.9121E-01, 4.8730E-01,1
 4.9121E-01, 4.8633E-01,1
 4.8926E-01, 4.8535E-01,1
 4.8828E-01, 4.8340E-01,1
 4.8730E-01, 4.8242E-01,1
 4.8730E-01, 4.8242E-01,1
 4.8633E-01, 4.8145E-01,1
 4.8438E-01, 4.7949E-01,1
 4.8340E-01, 4.7852E-01,1
 4.8242E-01, 4.7852E-01,1
 4.8242E-01, 4.7852E-01,1
 4.8145E-01, 4.7656E-01,1
 4.8047E-01, 4.7461E-01,1
 4.7852E-01, 4.7363E-01,1
