 1.0732E+00,3,1,1,11-28-17,13:13:24
 1.0752E+00,1
 1.0723E+00,1
 1.0713E+00,1
 1.0732E+00,1
 1.0752E+00,1
 1.0723E+00,1
 1.0732E+00,1
 1.0742E+00,1
 1.0752E+00,1
 1.0742E+00,1
 1.0771E+00,1
 1.0723E+00,1
 1.0742E+00,1
 1.0732E+00,1
 1.0742E+00,1
 1.0723E+00,1
 1.0742E+00,1
 1.0713E+00,1
 1.0742E+00,1
 1.0742E+00,1
 1.0723E+00,1
 1.0732E+00,1
 1.0752E+00,1
 1.0713E+00,1
 1.0713E+00,1
 1.0742E+00,1
 1.0723E+00,1
 1.0742E+00,1
 1.0713E+00,1
 1.0742E+00,1
 1.0742E+00,1
 1.0742E+00,1
 1.0723E+00,1
 1.0732E+00,1
 1.0732E+00,1
 1.0732E+00,1
 1.0742E+00,1
 1.0713E+00,1
 1.0732E+00,1
 1.0723E+00,1
 1.0723E+00,1
 1.0723E+00,1
 1.0723E+00,1
 1.0732E+00,1
 1.0723E+00,1
 1.0732E+00,1
 1.0723E+00,1
 1.0742E+00,1
 1.0732E+00,1
 1.0732E+00,1
 1.0713E+00,1
 1.0723E+00,1
 1.0713E+00,1
 1.0732E+00,1
 1.0723E+00,1
 1.0713E+00,1
 1.0713E+00,1
 1.0723E+00,1
 1.0732E+00,1
 1.0713E+00,1
 1.0723E+00,1
 1.0723E+00,1
 1.0703E+00,1
 1.0723E+00,1
 1.0723E+00,1
 1.0684E+00,1
 1.0703E+00,1
 1.0703E+00,1
 1.0713E+00,1
 1.0713E+00,1
 1.0723E+00,1
 1.0703E+00,1
 1.0732E+00,1
 1.0713E+00,1
 1.0713E+00,1
 1.0713E+00,1
 1.0703E+00,1
 1.0723E+00,1
 1.0703E+00,1
 1.0703E+00,1
 1.0703E+00,1
 1.0703E+00,1
 1.0693E+00,1
 1.0703E+00,1
 1.0713E+00,1
 1.0703E+00,1
 1.0693E+00,1
 1.0693E+00,1
 1.0693E+00,1
 1.0684E+00,1
 1.0713E+00,1
 1.0684E+00,1
 1.0693E+00,1
 1.0684E+00,1
 1.0693E+00,1
 1.0664E+00,1
 1.0693E+00,1
 1.0703E+00,1
 1.0684E+00,1
 1.0684E+00,1
 1.0713E+00,1
 1.0684E+00,1
 1.0674E+00,1
 1.0703E+00,1
 1.0693E+00,1
 1.0674E+00,1
 1.0684E+00,1
 1.0654E+00,1
 1.0674E+00,1
 1.0674E+00,1
 1.0645E+00,1
 1.0664E+00,1
 1.0645E+00,1
 1.0645E+00,1
 1.0645E+00,3,2,0,11-28-17,13:15:19,"50ul succinate"
 1.0654E+00,1
 1.0654E+00,1
 1.0654E+00,1
 1.0664E+00,1
 1.0664E+00,1
 1.0664E+00,1
 1.0664E+00,1
 1.0684E+00,1
 1.0654E+00,1
 1.0684E+00,1
 1.0674E+00,1
 1.0674E+00,1
 1.0645E+00,1
 1.0693E+00,1
 1.0664E+00,1
 1.0664E+00,1
 1.0674E+00,1
 1.0664E+00,1
 1.0645E+00,1
 1.0664E+00,1
 1.0664E+00,1
 1.0654E+00,1
 1.0654E+00,1
 1.0664E+00,1
 1.0645E+00,1
 1.0664E+00,1
 1.0654E+00,1
 1.0645E+00,1
 1.0645E+00,1
 1.0625E+00,1
 1.0635E+00,1
 1.0635E+00,1
 1.0635E+00,1
 1.0635E+00,1
 1.0635E+00,1
 1.0625E+00,1
 1.0625E+00,1
 1.0635E+00,1
 1.0635E+00,1
 1.0625E+00,1
 1.0625E+00,1
 1.0635E+00,1
 1.0625E+00,1
 1.0635E+00,1
 1.0645E+00,1
 1.0645E+00,1
 1.0615E+00,1
 1.0615E+00,1
 1.0625E+00,1
 1.0605E+00,1
 1.0625E+00,1
 1.0635E+00,1
 1.0605E+00,1
 1.0605E+00,1
 1.0596E+00,1
 1.0596E+00,1
 1.0605E+00,1
 1.0605E+00,1
 1.0596E+00,1
 1.0625E+00,1
 1.0596E+00,1
 1.0615E+00,1
 1.0605E+00,1
 1.0586E+00,1
 1.0596E+00,1
 1.0576E+00,1
 1.0605E+00,1
 1.0586E+00,1
 1.0586E+00,1
 1.0566E+00,1
 1.0596E+00,1
 1.0576E+00,1
 1.0566E+00,1
 1.0576E+00,1
 1.0586E+00,1
 1.0557E+00,1
 1.0576E+00,1
 1.0576E+00,1
 1.0566E+00,1
 1.0576E+00,1
 1.0566E+00,1
 1.0566E+00,1
 1.0586E+00,1
 1.0566E+00,1
 1.0557E+00,1
 1.0557E+00,1
 1.0566E+00,1
 1.0566E+00,1
 1.0547E+00,1
 1.0596E+00,1
 1.0576E+00,1
 1.0557E+00,1
 1.0557E+00,1
 1.0576E+00,1
 1.0547E+00,1
 1.0557E+00,1
 1.0576E+00,1
 1.0557E+00,1
 1.0537E+00,1
 1.0566E+00,1
 1.0547E+00,1
 1.0557E+00,1
 1.0547E+00,1
 1.0527E+00,1
 1.0537E+00,1
 1.0547E+00,1
 1.0547E+00,1
 1.0527E+00,1
 1.0557E+00,1
 1.0537E+00,1
 1.0527E+00,1
 1.0527E+00,1
 1.0527E+00,1
 1.0547E+00,1
 1.0547E+00,1
 1.0508E+00,1
 1.0527E+00,1
 1.0508E+00,1
 1.0518E+00,1
 1.0518E+00,1
 1.0527E+00,1
 1.0508E+00,1
 1.0527E+00,1
 1.0518E+00,1
 1.0518E+00,1
 1.0508E+00,1
 1.0527E+00,1
 1.0527E+00,1
 1.0508E+00,1
 1.0518E+00,1
 1.0508E+00,1
 1.0508E+00,1
 1.0508E+00,1
 1.0498E+00,1
 1.0488E+00,1
 1.0508E+00,1
 1.0479E+00,1
 1.0498E+00,1
 1.0479E+00,1
 1.0498E+00,1
 1.0488E+00,1
 1.0508E+00,1
 1.0498E+00,1
 1.0498E+00,1
 1.0488E+00,1
 1.0498E+00,1
 1.0459E+00,1
 1.0488E+00,1
 1.0479E+00,1
 1.0479E+00,1
 1.0469E+00,1
 1.0498E+00,1
 1.0469E+00,1
 1.0488E+00,1
 1.0488E+00,1
 1.0488E+00,1
 1.0488E+00,1
 1.0488E+00,1
 1.0488E+00,1
 1.0459E+00,1
 1.0488E+00,1
 1.0459E+00,1
 1.0469E+00,1
 1.0459E+00,1
 1.0439E+00,1
 1.0459E+00,1
 1.0469E+00,1
 1.0449E+00,1
 1.0469E+00,1
 1.0449E+00,1
 1.0459E+00,1
 1.0459E+00,1
 1.0469E+00,1
 1.0449E+00,1
 1.0459E+00,1
 1.0459E+00,1
 1.0469E+00,1
 1.0459E+00,1
 1.0469E+00,1
 1.0459E+00,1
 1.0449E+00,1
 1.0459E+00,1
 1.0459E+00,1
 1.0449E+00,1
 1.0459E+00,1
 1.0439E+00,1
 1.0449E+00,1
 1.0469E+00,1
 1.0439E+00,1
 1.0459E+00,1
 1.0439E+00,1
 1.0439E+00,1
 1.0459E+00,1
 1.0430E+00,1
 1.0410E+00,1
 1.0381E+00,1
 1.0283E+00,1
 1.0098E+00,1
 9.8242E-01,1
 9.6094E-01,1
 9.4043E-01,1
 9.2285E-01,1
 9.0527E-01,1
 8.9551E-01,1
 8.8281E-01,1
 8.7695E-01,1
 8.7207E-01,1
 8.6719E-01,1
 8.6230E-01,1
 8.5645E-01,1
 8.1738E-01,1
 7.8125E-01,1
 7.6270E-01,1
 7.4023E-01,1
 7.1680E-01,1
 6.9629E-01,1
 6.7383E-01,1
 6.5332E-01,1
 6.3672E-01,1
 6.1816E-01,1
 6.0449E-01,1
 5.9277E-01,1
 5.8105E-01,1
 5.7031E-01,1
 5.6152E-01,1
 5.5469E-01,1
 5.4492E-01,1
 5.4004E-01,1
 5.3320E-01,1
 5.2637E-01,1
 5.2051E-01,1
 5.1465E-01,1
 5.0684E-01,1
 5.0000E-01,1
 4.9609E-01,1
 4.9121E-01,1
 4.8633E-01,1
 4.8145E-01,1
 4.7754E-01,1
 4.7266E-01,1
 4.7070E-01,1
 4.6582E-01,1
 4.6191E-01,1
 4.5996E-01,1
 4.5898E-01,1
 4.5313E-01,1
 4.5313E-01,1
 4.5020E-01,1
 4.4727E-01,1
 4.4531E-01,1
 4.4336E-01,1
 4.4141E-01,1
 4.3652E-01,1
 4.3652E-01,1
 4.3359E-01,1
 4.3164E-01,1
 4.3164E-01,1
 4.2773E-01,1
 4.2578E-01,1
 4.2480E-01,1
 4.2285E-01,1
 4.2188E-01,1
 4.2090E-01,1
 4.1895E-01,1
 4.1992E-01,1
 4.1797E-01,1
 4.1895E-01,1
 4.1895E-01,1
 4.1895E-01,1
 4.1602E-01,1
 4.1797E-01,1
 4.1699E-01,1
 4.1895E-01,1
 4.1602E-01,1
 4.1699E-01,1
 4.1699E-01,1
 4.1699E-01,1
 4.1309E-01,1
 4.1699E-01,1
 4.1504E-01,1
 4.1504E-01,1
 4.1602E-01,1
 4.1504E-01,1
 4.1309E-01,1
 4.1406E-01,1
 4.1309E-01,1
 4.1211E-01,1
 4.1211E-01,1
 4.1211E-01,1
 4.0918E-01,1
 4.1016E-01,1
 4.0918E-01,1
 4.0723E-01,1
 4.0625E-01,1
 4.0723E-01,1
 4.0430E-01,1
 4.0527E-01,1
 4.0332E-01,1
 4.0234E-01,1
 4.0332E-01,1
 4.0137E-01,1
 4.0137E-01,1
 3.9941E-01,1
 3.9941E-01,1
 3.9648E-01,1
 3.9844E-01,1
 3.9746E-01,1
 3.9648E-01,1
 3.9355E-01,1
 3.9746E-01,1
 3.9453E-01,1
 3.9355E-01,1
 3.9258E-01,1
 3.9258E-01,1
 3.8965E-01,1
 3.9063E-01,1
 3.9063E-01,1
 3.8770E-01,1
 3.8770E-01,1
 3.8867E-01,1
 3.8574E-01,1
 3.8672E-01,1
 3.8574E-01,1
 3.8477E-01,1
 3.8379E-01,1
 3.8477E-01,1
 3.8281E-01,1
 3.8086E-01,1
 3.8281E-01,1
 3.8086E-01,1
 3.7891E-01,1
 3.8086E-01,1
 3.7891E-01,1
 3.7695E-01,1
 3.7695E-01,1
 3.7598E-01,1
 3.7598E-01,1
 3.7500E-01,1
 3.7500E-01,1
 3.7500E-01,1
 3.7207E-01,1
 3.7305E-01,1
 3.7207E-01,1
 3.7207E-01,1
 3.7305E-01,1
 3.6914E-01,1
 3.7109E-01,1
 3.7207E-01,1
 3.7012E-01,1
 3.6816E-01,1
 3.6816E-01,1
 3.6816E-01,1
 3.6621E-01,1
 3.6719E-01,1
 3.6816E-01,1
 3.6621E-01,1
 3.6523E-01,1
 3.6523E-01,1
 3.6426E-01,1
 3.6426E-01,1
 3.6523E-01,1
 3.6426E-01,1
 3.6328E-01,1
 3.6328E-01,1
 3.6230E-01,1
 3.6230E-01,1
 3.6328E-01,1
 3.6133E-01,1
 3.6133E-01,1
 3.6133E-01,1
 3.6035E-01,1
 3.5938E-01,1
 3.5938E-01,1
 3.5938E-01,1
 3.5840E-01,1
 3.5840E-01,1
 3.5742E-01,1
 3.5742E-01,1
 3.5645E-01,1
 3.5645E-01,1
 3.5645E-01,1
 3.5645E-01,1
 3.5645E-01,1
 3.5449E-01,1
 3.5449E-01,1
 3.5547E-01,1
 3.5254E-01,1
 3.5352E-01,1
 3.5449E-01,1
 3.5156E-01,1
 3.5254E-01,1
 3.5254E-01,1
 3.5156E-01,1
 3.5059E-01,1
 3.5156E-01,1
 3.5059E-01,1
 3.4961E-01,1
 3.4961E-01,1
 3.4961E-01,1
 3.4863E-01,1
 3.4863E-01,1
 3.4961E-01,1
 3.4766E-01,1
 3.4863E-01,1
 3.4766E-01,1
 3.4570E-01,1
 3.4668E-01,1
 3.4668E-01,1
 3.4570E-01,1
 3.4570E-01,1
 3.4668E-01,1
 3.4375E-01,1
