 1.0635E+00,3,1,1,11-28-17,12:32:56
 1.0635E+00,1
 1.0625E+00,1
 1.0645E+00,1
 1.0625E+00,1
 1.0625E+00,1
 1.0635E+00,1
 1.0742E+00,1
 1.0762E+00,1
 1.0771E+00,1
 1.0762E+00,1
 1.0742E+00,1
 1.0742E+00,1
 1.0762E+00,1
 1.0732E+00,1
 1.0742E+00,1
 1.0742E+00,1
 1.0752E+00,1
 1.0732E+00,1
 1.0723E+00,1
 1.0752E+00,1
 1.0732E+00,1
 1.0723E+00,1
 1.0732E+00,1
 1.0732E+00,1
 1.0723E+00,1
 1.0723E+00,1
 1.0732E+00,1
 1.0723E+00,1
 1.0713E+00,1
 1.0723E+00,1
 1.0713E+00,1
 1.0703E+00,1
 1.0713E+00,1
 1.0713E+00,1
 1.0732E+00,1
 1.0693E+00,1
 1.0723E+00,1
 1.0713E+00,1
 1.0713E+00,1
 1.0693E+00,1
 1.0713E+00,1
 1.0713E+00,1
 1.0703E+00,1
 1.0713E+00,1
 1.0713E+00,1
 1.0703E+00,1
 1.0693E+00,1
 1.0703E+00,1
 1.0693E+00,1
 1.0693E+00,1
 1.0693E+00,1
 1.0703E+00,1
 1.0693E+00,1
 1.0674E+00,1
 1.0684E+00,1
 1.0674E+00,1
 1.0684E+00,1
 1.0674E+00,1
 1.0664E+00,1
 1.0664E+00,1
 1.0654E+00,1
 1.0664E+00,1
 1.0654E+00,1
 1.0674E+00,1
 1.0654E+00,1
 1.0654E+00,1
 1.0654E+00,1
 1.0645E+00,1
 1.0654E+00,1
 1.0645E+00,1
 1.0654E+00,1
 1.0635E+00,1
 1.0645E+00,1
 1.0645E+00,1
 1.0645E+00,1
 1.0654E+00,1
 1.0635E+00,1
 1.0625E+00,1
 1.0635E+00,1
 1.0635E+00,1
 1.0635E+00,1
 1.0625E+00,1
 1.0625E+00,1
 1.0615E+00,1
 1.0615E+00,1
 1.0605E+00,1
 1.0596E+00,1
 1.0596E+00,1
 1.0586E+00,1
 1.0576E+00,1
 1.0596E+00,1
 1.0586E+00,1
 1.0596E+00,1
 1.0576E+00,1
 1.0586E+00,1
 1.0576E+00,1
 1.0566E+00,1
 1.0566E+00,1
 1.0576E+00,1
 1.0576E+00,1
 1.0566E+00,1
 1.0566E+00,1
 1.0566E+00,1
 1.0557E+00,1
 1.0566E+00,1
 1.0557E+00,1
 1.0557E+00,1
 1.0547E+00,1
 1.0557E+00,1
 1.0547E+00,1
 1.0547E+00,1
 1.0547E+00,1
 1.0547E+00,1
 1.0537E+00,1
 1.0537E+00,1
 1.0537E+00,1
 1.0527E+00,1
 1.0527E+00,1
 1.0518E+00,1
 1.0527E+00,1
 1.0518E+00,1
 1.0518E+00,1
 1.0527E+00,1
 1.0518E+00,1
 1.0498E+00,1
 1.0508E+00,1
 1.0508E+00,1
 1.0508E+00,1
 1.0498E+00,1
 1.0498E+00,1
 1.0498E+00,1
 1.0508E+00,1
 1.0488E+00,1
 1.0479E+00,1
 1.0459E+00,1
 1.0479E+00,3,2,0,11-28-17,12:35:12,"50ul succinate"
 1.0459E+00,1
 1.0469E+00,1
 1.0469E+00,1
 1.0469E+00,1
 1.0479E+00,1
 1.0469E+00,1
 1.0469E+00,1
 1.0459E+00,1
 1.0479E+00,1
 1.0459E+00,1
 1.0459E+00,1
 1.0449E+00,1
 1.0459E+00,1
 1.0439E+00,1
 1.0439E+00,1
 1.0439E+00,1
 1.0439E+00,1
 1.0449E+00,1
 1.0439E+00,1
 1.0430E+00,1
 1.0449E+00,1
 1.0420E+00,1
 1.0430E+00,1
 1.0439E+00,1
 1.0420E+00,1
 1.0430E+00,1
 1.0400E+00,1
 1.0430E+00,1
 1.0400E+00,1
 1.0420E+00,1
 1.0391E+00,1
 1.0410E+00,1
 1.0410E+00,1
 1.0400E+00,1
 1.0400E+00,1
 1.0410E+00,1
 1.0391E+00,1
 1.0410E+00,1
 1.0381E+00,1
 1.0381E+00,1
 1.0371E+00,1
 1.0391E+00,1
 1.0391E+00,1
 1.0371E+00,1
 1.0381E+00,1
 1.0381E+00,1
 1.0371E+00,1
 1.0391E+00,1
 1.0361E+00,1
 1.0391E+00,1
 1.0371E+00,1
 1.0381E+00,1
 1.0371E+00,1
 1.0371E+00,1
 1.0361E+00,1
 1.0361E+00,1
 1.0352E+00,1
 1.0352E+00,1
 1.0342E+00,1
 1.0352E+00,1
 1.0342E+00,1
 1.0322E+00,1
 1.0342E+00,1
 1.0322E+00,1
 1.0352E+00,1
 1.0313E+00,1
 1.0322E+00,1
 1.0313E+00,1
 1.0322E+00,1
 1.0313E+00,1
 1.0313E+00,1
 1.0303E+00,1
 1.0313E+00,1
 1.0303E+00,1
 1.0303E+00,1
 1.0303E+00,1
 1.0293E+00,1
 1.0283E+00,1
 1.0303E+00,1
 1.0293E+00,1
 1.0283E+00,1
 1.0273E+00,1
 1.0273E+00,1
 1.0283E+00,1
 1.0264E+00,1
 1.0273E+00,1
 1.0264E+00,1
 1.0293E+00,1
 1.0273E+00,1
 1.0264E+00,1
 1.0254E+00,1
 1.0273E+00,1
 1.0254E+00,1
 1.0254E+00,1
 1.0244E+00,1
 1.0254E+00,1
 1.0244E+00,1
 1.0254E+00,1
 1.0234E+00,1
 1.0234E+00,1
 1.0225E+00,1
 1.0225E+00,1
 1.0244E+00,1
 1.0205E+00,1
 1.0225E+00,1
 1.0205E+00,1
 1.0225E+00,1
 1.0205E+00,1
 1.0215E+00,1
 1.0195E+00,1
 1.0205E+00,1
 1.0195E+00,1
 1.0195E+00,1
 1.0195E+00,1
 1.0215E+00,1
 1.0186E+00,1
 1.0195E+00,1
 1.0186E+00,1
 1.0195E+00,1
 1.0176E+00,1
 1.0186E+00,1
 1.0176E+00,1
 1.0186E+00,1
 1.0176E+00,1
 1.0166E+00,1
 1.0166E+00,1
 1.0166E+00,1
 1.0156E+00,1
 1.0166E+00,1
 1.0156E+00,1
 1.0166E+00,1
 1.0166E+00,1
 1.0166E+00,1
 1.0146E+00,1
 1.0156E+00,1
 1.0146E+00,1
 1.0156E+00,1
 1.0146E+00,1
 1.0146E+00,1
 1.0146E+00,1
 1.0146E+00,1
 1.0137E+00,1
 1.0137E+00,1
 1.0137E+00,1
 1.0137E+00,1
 1.0127E+00,1
 1.0127E+00,1
 1.0107E+00,1
 1.0117E+00,1
 1.0127E+00,1
 1.0107E+00,1
 1.0107E+00,1
 1.0107E+00,1
 1.0107E+00,1
 1.0107E+00,1
 1.0107E+00,1
 1.0107E+00,1
 1.0098E+00,1
 1.0098E+00,1
 1.0098E+00,1
 1.0098E+00,1
 1.0127E+00,1
 1.0117E+00,1
 1.0137E+00,1
 1.0127E+00,1
 1.0146E+00,1
 1.0127E+00,1
 1.0146E+00,1
 1.0137E+00,1
 1.0146E+00,1
 1.0137E+00,1
 1.0146E+00,1
 1.0137E+00,1
 1.0156E+00,1
 1.0137E+00,1
 1.0146E+00,1
 1.0137E+00,1
 1.0146E+00,1
 1.0117E+00,1
 1.0127E+00,1
 1.0127E+00,1
 1.0137E+00,1
 1.0127E+00,1
 1.0137E+00,1
 1.0137E+00,1
 1.0117E+00,1
 1.0127E+00,1
 1.0117E+00,1
 1.0117E+00,1
 1.0117E+00,1
 1.0107E+00,1
 1.0117E+00,1
 1.0098E+00,1
 1.0107E+00,1
 1.0098E+00,1
 1.0107E+00,1
 1.0088E+00,1
 1.0117E+00,1
 1.0088E+00,1
 1.0117E+00,1
 1.0078E+00,1
 1.0088E+00,1
 1.0088E+00,1
 1.0098E+00,1
 1.0088E+00,1
 1.0088E+00,1
 1.0078E+00,1
 1.0088E+00,1
 1.0088E+00,1
 1.0068E+00,1
 1.0078E+00,1
 1.0078E+00,1
 1.0068E+00,1
 1.0078E+00,1
 1.0059E+00,1
 1.0078E+00,1
 1.0068E+00,1
 1.0078E+00,1
 1.0068E+00,1
 1.0078E+00,1
 1.0049E+00,1
 1.0068E+00,1
 1.0059E+00,1
 1.0068E+00,1
 1.0039E+00,1
 1.0039E+00,1
 1.0039E+00,1
 1.0059E+00,1
 1.0029E+00,1
 1.0049E+00,1
 1.0039E+00,1
 1.0049E+00,1
 1.0029E+00,1
 1.0039E+00,1
 1.0049E+00,1
 1.0049E+00,1
 1.0049E+00,1
 1.0039E+00,1
 1.0029E+00,1
 1.0039E+00,1
 1.0020E+00,1
 1.0020E+00,1
 1.0029E+00,1
 1.0029E+00,1
 1.0010E+00,1
 1.0010E+00,1
 1.0010E+00,1
 1.0029E+00,1
 1.0010E+00,1
 1.0020E+00,1
 1.0010E+00,1
 1.0020E+00,1
 9.9902E-01,1
 1.0010E+00,1
 1.0010E+00,1
 1.0000E+00,1
 1.0000E+00,1
 1.0000E+00,1
 1.0000E+00,1
 1.0010E+00,1
 1.0000E+00,1
 9.9805E-01,1
 1.0000E+00,1
 9.9805E-01,1
 9.9902E-01,1
 9.9707E-01,1
 9.9805E-01,1
 9.9805E-01,1
 9.9902E-01,1
 9.9805E-01,1
 9.9805E-01,1
 9.9805E-01,1
 9.9805E-01,1
 9.9609E-01,1
 9.9805E-01,1
 9.9512E-01,1
 9.9805E-01,1
 9.9707E-01,1
 9.9707E-01,1
 9.9707E-01,1
 9.9609E-01,1
 9.9609E-01,1
 9.9609E-01,1
 9.9609E-01,1
 9.9512E-01,1
 9.9512E-01,1
 9.9609E-01,1
 9.9512E-01,1
 9.9512E-01,1
 9.9512E-01,1
 9.9707E-01,1
 9.9512E-01,1
 9.9512E-01,1
 9.9512E-01,1
 9.9512E-01,1
 9.9316E-01,1
 9.9512E-01,1
 9.9414E-01,1
 9.9512E-01,1
 9.9316E-01,1
 9.9512E-01,1
 9.9414E-01,1
 9.9316E-01,1
 9.9414E-01,1
 9.9512E-01,1
 9.9512E-01,1
 9.9121E-01,1
 9.9414E-01,1
 9.9121E-01,1
 9.9512E-01,1
 9.9121E-01,1
 9.9219E-01,1
 9.9219E-01,1
 9.9219E-01,1
 9.9219E-01,1
 9.9316E-01,1
 9.9219E-01,1
 9.9121E-01,1
 9.9219E-01,1
 9.9316E-01,1
 9.9121E-01,1
 9.9023E-01,1
 9.9121E-01,1
 9.9121E-01,1
 9.9219E-01,1
 9.9121E-01,1
 9.9316E-01,1
 9.9023E-01,1
 9.9023E-01,1
 9.9023E-01,1
 9.9219E-01,1
 9.8828E-01,1
 9.9121E-01,1
 9.9023E-01,1
 9.9023E-01,1
 9.8828E-01,1
 9.9023E-01,1
 9.8926E-01,1
 9.8926E-01,1
 9.8828E-01,1
 9.9023E-01,1
 9.8828E-01,1
 9.8828E-01,1
 9.8926E-01,1
 9.8926E-01,1
 9.8828E-01,1
 9.8828E-01,1
 9.8926E-01,1
 9.8828E-01,1
 9.8730E-01,1
 9.8730E-01,1
 9.8828E-01,1
 9.8730E-01,1
 9.8828E-01,1
 9.8730E-01,1
 9.8926E-01,1
 9.8633E-01,1
 9.8828E-01,1
 9.8730E-01,1
 9.8828E-01,1
 9.8438E-01,1
 9.8730E-01,1
 9.8633E-01,1
 9.8633E-01,1
 9.8535E-01,1
 9.8633E-01,1
 9.8535E-01,1
 9.8535E-01,1
 9.8730E-01,1
 9.8535E-01,1
 9.8633E-01,1
 9.8438E-01,1
 9.8633E-01,1
 9.8535E-01,1
 9.8633E-01,1
 9.8438E-01,1
 9.8633E-01,1
 9.8535E-01,1
 9.8438E-01,1
 9.8340E-01,1
 9.8535E-01,1
 9.8340E-01,1
 9.8535E-01,1
 9.8340E-01,1
 9.8340E-01,1
 9.8438E-01,1
 9.8340E-01,1
 9.8340E-01,1
 9.8340E-01,1
 9.8340E-01,1
 9.8340E-01,1
 9.8340E-01,1
 9.8242E-01,1
 9.8340E-01,1
 9.8340E-01,1
 9.8242E-01,1
 9.8145E-01,1
 9.8340E-01,1
 9.8047E-01,1
 9.8145E-01,1
 9.8242E-01,1
 9.8242E-01,1
 9.7949E-01,1
 9.8242E-01,1
 9.8145E-01,1
 9.8047E-01,1
 9.8047E-01,1
 9.8242E-01,1
 9.8242E-01,1
 9.8145E-01,1
 9.8047E-01,1
 9.8242E-01,1
 9.8047E-01,1
 9.8145E-01,1
 9.8047E-01,1
 9.8145E-01,1
 9.8047E-01,1
 9.7949E-01,1
 9.8047E-01,1
 9.7949E-01,1
 9.7852E-01,1
 9.8047E-01,1
 9.7949E-01,1
 9.7949E-01,1
 9.7949E-01,1
 9.8047E-01,1
 9.7852E-01,1
 9.8145E-01,1
 9.8047E-01,1
 9.7949E-01,1
 9.7949E-01,1
