 1.0684E+00, 1.0625E+00,3,1,1,01-31-18,15:27:13
 1.0664E+00, 1.0654E+00,1
 1.0605E+00, 1.0625E+00,1
 1.0635E+00, 1.0635E+00,1
 1.0645E+00, 1.0635E+00,1
 1.0605E+00, 1.0596E+00,1
 1.0596E+00, 1.0586E+00,1
 1.0596E+00, 1.0605E+00,1
 1.0615E+00, 1.0576E+00,1
 1.0605E+00, 1.0557E+00,1
 1.0635E+00, 1.0547E+00,1
 1.0596E+00, 1.0518E+00,1
 1.0586E+00, 1.0498E+00,1
 1.0596E+00, 1.0508E+00,1
 1.0635E+00, 1.0498E+00,1
 1.0576E+00, 1.0469E+00,1
 1.0566E+00, 1.0430E+00,1
 1.0576E+00, 1.0498E+00,1
 1.0537E+00, 1.0479E+00,1
 1.0566E+00, 1.0459E+00,1
 1.0596E+00, 1.0488E+00,1
 1.0566E+00, 1.0498E+00,1
 1.0518E+00, 1.0498E+00,1
 1.0566E+00, 1.0488E+00,1
 1.0557E+00, 1.0508E+00,1
 1.0576E+00, 1.0459E+00,1
 1.0557E+00, 1.0488E+00,1
 1.0566E+00, 1.0469E+00,1
 1.0537E+00, 1.0488E+00,1
 1.0508E+00, 1.0479E+00,1
 1.0557E+00, 1.0479E+00,1
 1.0557E+00, 1.0459E+00,1
 1.0518E+00, 1.0420E+00,1
 1.0557E+00, 1.0459E+00,1
 1.0566E+00, 1.0479E+00,1
 1.0547E+00, 1.0469E+00,1
 1.0576E+00, 1.0479E+00,1
 1.0547E+00, 1.0508E+00,1
 1.0557E+00, 1.0518E+00,1
 1.0547E+00, 1.0498E+00,1
 1.0576E+00, 1.0527E+00,1
 1.0527E+00, 1.0566E+00,1
 1.0518E+00, 1.0537E+00,1
 1.0518E+00, 1.0547E+00,1
 1.0527E+00, 1.0596E+00,1
 1.0547E+00, 1.0547E+00,1
 1.0498E+00, 1.0527E+00,1
 1.0498E+00, 1.0547E+00,1
 1.0518E+00, 1.0557E+00,1
 1.0498E+00, 1.0498E+00,1
 1.0518E+00, 1.0449E+00,1
 1.0518E+00, 1.0459E+00,1
 1.0479E+00, 1.0420E+00,1
 1.0498E+00, 1.0391E+00,1
 1.0537E+00, 1.0449E+00,1
 1.0508E+00, 1.0420E+00,1
 1.0508E+00, 1.0449E+00,1
 1.0498E+00, 1.0439E+00,1
 1.0479E+00, 1.0439E+00,1
 1.0459E+00, 1.0469E+00,1
 1.0469E+00, 1.0459E+00,1
 1.0508E+00, 1.0459E+00,1
 1.0479E+00, 1.0449E+00,1
 1.0469E+00, 1.0439E+00,1
 1.0479E+00, 1.0449E+00,1
 1.0469E+00, 1.0420E+00,1
 1.0469E+00, 1.0391E+00,1
 1.0439E+00, 1.0391E+00,1
 1.0410E+00, 1.0420E+00,1
 1.0439E+00, 1.0400E+00,1
 1.0420E+00, 1.0352E+00,1
 1.0449E+00, 1.0371E+00,1
 1.0439E+00, 1.0381E+00,1
 1.0400E+00, 1.0283E+00,1
 1.0420E+00, 1.0342E+00,1
 1.0439E+00, 1.0332E+00,1
 1.0400E+00, 1.0313E+00,1
 1.0430E+00, 1.0342E+00,1
 1.0430E+00, 1.0342E+00,1
 1.0410E+00, 1.0313E+00,1
 1.0391E+00, 1.0371E+00,1
 1.0391E+00, 1.0322E+00,1
 1.0439E+00, 1.0342E+00,1
 1.0420E+00, 1.0342E+00,1
 1.0410E+00, 1.0332E+00,1
 1.0410E+00, 1.0332E+00,1
 1.0420E+00, 1.0322E+00,1
 1.0400E+00, 1.0332E+00,1
 1.0391E+00, 1.0342E+00,1
 1.0420E+00, 1.0342E+00,1
 1.0410E+00, 1.0342E+00,1
 1.0381E+00, 1.0342E+00,1
 1.0391E+00, 1.0313E+00,1
 1.0410E+00, 1.0332E+00,1
 1.0400E+00, 1.0322E+00,1
 1.0371E+00, 1.0313E+00,1
 1.0400E+00, 1.0371E+00,1
 1.0410E+00, 1.0391E+00,1
 1.0371E+00, 1.0381E+00,1
 1.0361E+00, 1.0420E+00,1
 1.0420E+00, 1.0430E+00,1
 1.0381E+00, 1.0430E+00,1
 1.0361E+00, 1.0430E+00,1
 1.0381E+00, 1.0420E+00,1
 1.0381E+00, 1.0420E+00,1
 1.0371E+00, 1.0371E+00,1
 1.0332E+00, 1.0322E+00,1
 1.0381E+00, 1.0332E+00,1
 1.0371E+00, 1.0332E+00,1
 1.0322E+00, 1.0293E+00,1
 1.0361E+00, 1.0283E+00,1
 1.0371E+00, 1.0273E+00,1
 1.0361E+00, 1.0273E+00,1
 1.0361E+00, 1.0293E+00,1
 1.0400E+00, 1.0352E+00,1
 1.0391E+00, 1.0313E+00,1
 1.0352E+00, 1.0313E+00,1
 1.0361E+00, 1.0303E+00,1
 1.0342E+00, 1.0283E+00,1
 1.0303E+00, 1.0244E+00,1
 1.0342E+00, 1.0234E+00,1
 1.0352E+00, 1.0254E+00,1
 1.0332E+00, 1.0244E+00,1
 1.0303E+00, 1.0205E+00,1
 1.0322E+00, 1.0205E+00,1
 1.0313E+00, 1.0234E+00,1
 1.0322E+00, 1.0205E+00,1
 1.0313E+00, 1.0215E+00,1
 1.0342E+00, 1.0225E+00,1
 1.0342E+00, 1.0215E+00,1
 1.0342E+00, 1.0195E+00,1
 1.0332E+00, 1.0215E+00,1
 1.0342E+00, 1.0254E+00,1
 1.0322E+00, 1.0225E+00,1
 1.0303E+00, 1.0205E+00,1
 1.0322E+00, 1.0205E+00,1
 1.0313E+00, 1.0234E+00,1
 1.0313E+00, 1.0205E+00,1
 1.0293E+00, 1.0176E+00,1
 1.0293E+00, 1.0195E+00,1
 1.0254E+00, 1.0225E+00,1
 1.0234E+00, 1.0205E+00,1
 1.0273E+00, 1.0205E+00,1
 1.0264E+00, 1.0225E+00,1
 1.0273E+00, 1.0215E+00,1
 1.0264E+00, 1.0215E+00,1
 1.0244E+00, 1.0195E+00,1
 1.0283E+00, 1.0186E+00,1
 1.0283E+00, 1.0146E+00,1
 1.0254E+00, 1.0117E+00,1
 1.0273E+00, 1.0156E+00,1
 1.0244E+00, 1.0127E+00,3,2,0,01-31-18,15:29:44,"1, 50ul 3.5x nadh"
 1.0234E+00, 1.0117E+00,1
 1.0264E+00, 1.0137E+00,1
 1.0254E+00, 1.0146E+00,1
 1.0234E+00, 1.0127E+00,1
 1.0234E+00, 1.0107E+00,1
 1.0254E+00, 1.0146E+00,3,3,0,01-31-18,15:29:50,"2, 50ul 3.5x nadh"
 1.0225E+00, 1.0107E+00,1
 1.0215E+00, 1.0088E+00,1
 1.0225E+00, 1.0059E+00,1
 1.0244E+00, 1.0049E+00,1
 1.0215E+00, 1.0049E+00,1
 1.0205E+00, 1.0020E+00,1
 1.0205E+00, 1.0059E+00,1
 1.0234E+00, 1.0088E+00,1
 1.0215E+00, 1.0049E+00,1
 1.0195E+00, 1.0078E+00,1
 1.0195E+00, 1.0088E+00,1
 1.0176E+00, 1.0098E+00,1
 1.0186E+00, 1.0059E+00,1
 1.0186E+00, 1.0088E+00,1
 1.0176E+00, 1.0137E+00,1
 1.0166E+00, 1.0078E+00,1
 1.0156E+00, 1.0078E+00,1
 1.0146E+00, 1.0020E+00,1
 1.0176E+00, 1.0020E+00,1
 1.0137E+00, 1.0000E+00,1
 1.0137E+00, 9.9512E-01,1
 1.0146E+00, 9.9902E-01,1
 1.0137E+00, 9.9316E-01,1
 1.0088E+00, 1.0000E+00,1
 1.0107E+00, 1.0000E+00,1
 1.0137E+00, 1.0000E+00,1
 1.0156E+00, 9.9805E-01,1
 1.0098E+00, 9.9707E-01,1
 1.0127E+00, 9.9805E-01,1
 1.0127E+00, 9.9805E-01,1
 1.0107E+00, 9.9414E-01,1
 1.0088E+00, 9.9707E-01,1
 1.0137E+00, 9.9902E-01,1
 1.0088E+00, 9.9805E-01,1
 1.0049E+00, 9.9414E-01,1
 1.0107E+00, 9.9512E-01,1
 1.0117E+00, 9.9609E-01,1
 1.0088E+00, 9.9805E-01,1
 1.0078E+00, 9.9609E-01,1
 1.0068E+00, 9.9707E-01,1
 1.0059E+00, 9.9414E-01,1
 1.0059E+00, 9.9121E-01,1
 1.0029E+00, 9.8828E-01,1
 1.0068E+00, 9.9023E-01,1
 1.0059E+00, 9.9121E-01,1
 1.0068E+00, 9.8633E-01,1
 1.0039E+00, 9.9023E-01,1
 1.0078E+00, 9.9414E-01,1
 1.0010E+00, 9.9316E-01,1
 1.0020E+00, 9.9316E-01,1
 1.0039E+00, 9.9316E-01,1
 1.0059E+00, 9.8926E-01,1
 1.0010E+00, 9.8730E-01,1
 1.0049E+00, 9.8633E-01,1
 1.0029E+00, 9.8828E-01,1
 1.0039E+00, 9.8926E-01,1
 1.0039E+00, 9.8633E-01,1
 1.0000E+00, 9.8438E-01,1
 1.0010E+00, 9.8633E-01,1
 9.9902E-01, 9.8633E-01,1
 1.0020E+00, 9.8145E-01,1
 9.9902E-01, 9.8438E-01,1
 1.0000E+00, 9.8535E-01,1
 1.0010E+00, 9.8535E-01,1
 1.0000E+00, 9.7949E-01,1
 1.0000E+00, 9.8242E-01,1
 1.0000E+00, 9.8145E-01,1
 9.9414E-01, 9.8145E-01,1
 9.9414E-01, 9.7949E-01,1
 9.9902E-01, 9.8047E-01,1
 9.9707E-01, 9.8047E-01,1
 9.9414E-01, 9.7656E-01,1
 9.9023E-01, 9.7949E-01,1
 9.9609E-01, 9.7949E-01,1
 9.9414E-01, 9.7754E-01,1
 9.9316E-01, 9.7656E-01,1
 9.9414E-01, 9.8047E-01,1
 9.9512E-01, 9.7852E-01,1
 9.9219E-01, 9.7363E-01,1
 9.9414E-01, 9.7754E-01,1
 9.9121E-01, 9.7949E-01,1
 9.9512E-01, 9.8047E-01,1
 9.9219E-01, 9.7852E-01,1
 9.9023E-01, 9.7461E-01,1
 9.9219E-01, 9.7559E-01,1
 9.8926E-01, 9.7656E-01,1
 9.9121E-01, 9.7266E-01,1
 9.9121E-01, 9.7168E-01,1
 9.9414E-01, 9.7070E-01,1
 9.9121E-01, 9.6875E-01,1
 9.8926E-01, 9.6777E-01,1
 9.9023E-01, 9.7559E-01,1
 9.8633E-01, 9.7461E-01,1
 9.8730E-01, 9.7266E-01,1
 9.8926E-01, 9.7363E-01,1
 9.8828E-01, 9.7363E-01,1
 9.8730E-01, 9.7168E-01,1
 9.8926E-01, 9.6777E-01,1
 9.8730E-01, 9.6777E-01,1
 9.8633E-01, 9.6875E-01,1
 9.9121E-01, 9.7070E-01,1
 9.8730E-01, 9.7266E-01,1
 9.8730E-01, 9.7070E-01,1
 9.9023E-01, 9.7754E-01,1
 9.8828E-01, 9.7754E-01,1
 9.8438E-01, 9.7363E-01,1
 9.8535E-01, 9.7852E-01,1
 9.8730E-01, 9.7949E-01,1
 9.8730E-01, 9.7852E-01,1
 9.8633E-01, 9.7852E-01,1
 9.8340E-01, 9.7754E-01,1
 9.8633E-01, 9.7754E-01,1
 9.8633E-01, 9.7852E-01,1
 9.8730E-01, 9.7559E-01,1
 9.8633E-01, 9.7949E-01,1
 9.8730E-01, 9.7363E-01,1
 9.8535E-01, 9.7168E-01,1
 9.8242E-01, 9.6973E-01,1
 9.8340E-01, 9.6973E-01,1
 9.8340E-01, 9.6973E-01,1
 9.8340E-01, 9.6777E-01,1
 9.8242E-01, 9.6484E-01,1
 9.8145E-01, 9.6582E-01,1
 9.8535E-01, 9.6777E-01,1
 9.7949E-01, 9.6094E-01,1
 9.8047E-01, 9.6484E-01,1
 9.8242E-01, 9.6582E-01,1
 9.8340E-01, 9.6973E-01,1
 9.7949E-01, 9.6387E-01,1
 9.8242E-01, 9.6484E-01,1
 9.8242E-01, 9.6094E-01,1
 9.8047E-01, 9.5996E-01,1
 9.7852E-01, 9.5898E-01,1
 9.7949E-01, 9.6289E-01,1
 9.8047E-01, 9.5996E-01,1
 9.8340E-01, 9.6191E-01,1
 9.8145E-01, 9.5898E-01,1
 9.7852E-01, 9.5996E-01,1
 9.7949E-01, 9.5996E-01,1
 9.7461E-01, 9.5898E-01,1
 9.7656E-01, 9.5898E-01,1
 9.7852E-01, 9.5703E-01,1
 9.8047E-01, 9.5898E-01,1
 9.7559E-01, 9.5605E-01,1
 9.7461E-01, 9.5508E-01,1
 9.7559E-01, 9.5410E-01,1
 9.7852E-01, 9.5410E-01,1
 9.7266E-01, 9.5605E-01,1
 9.7559E-01, 9.6094E-01,1
 9.7754E-01, 9.5898E-01,1
 9.7461E-01, 9.5996E-01,1
 9.7559E-01, 9.5703E-01,1
 9.7461E-01, 9.5703E-01,1
 9.7656E-01, 9.5703E-01,1
 9.7266E-01, 9.5605E-01,1
 9.6973E-01, 9.5313E-01,1
 9.6875E-01, 9.5215E-01,1
 9.7266E-01, 9.5215E-01,1
 9.7363E-01, 9.5117E-01,1
 9.6973E-01, 9.5020E-01,1
 9.7266E-01, 9.5020E-01,1
 9.7363E-01, 9.5313E-01,1
 9.7168E-01, 9.5020E-01,1
 9.6777E-01, 9.5020E-01,1
 9.6680E-01, 9.4824E-01,1
 9.7070E-01, 9.5117E-01,1
 9.6875E-01, 9.5117E-01,1
 9.6875E-01, 9.4922E-01,1
 9.6973E-01, 9.5313E-01,1
 9.6875E-01, 9.4922E-01,1
 9.6973E-01, 9.4922E-01,1
 9.6680E-01, 9.5020E-01,1
 9.6582E-01, 9.4922E-01,1
 9.7070E-01, 9.4922E-01,1
 9.7070E-01, 9.5117E-01,1
 9.6777E-01, 9.5020E-01,1
 9.6875E-01, 9.4824E-01,1
 9.7168E-01, 9.4922E-01,1
 9.6777E-01, 9.5313E-01,1
