 1.0742E+00,3,1,1,11-21-17,14:33:00
 1.0732E+00,1
 1.0742E+00,1
 1.0752E+00,1
 1.0703E+00,1
 1.0723E+00,1
 1.0713E+00,1
 1.0732E+00,1
 1.0732E+00,1
 1.0713E+00,1
 1.0742E+00,1
 1.0723E+00,1
 1.0703E+00,1
 1.0742E+00,1
 1.0723E+00,1
 1.0713E+00,1
 1.0742E+00,1
 1.0732E+00,1
 1.0713E+00,1
 1.0723E+00,1
 1.0723E+00,1
 1.0703E+00,1
 1.0732E+00,1
 1.0703E+00,1
 1.0723E+00,1
 1.0723E+00,1
 1.0723E+00,1
 1.0732E+00,1
 1.0723E+00,1
 1.0693E+00,1
 1.0723E+00,1
 1.0713E+00,1
 1.0693E+00,1
 1.0723E+00,1
 1.0713E+00,1
 1.0693E+00,1
 1.0674E+00,1
 1.0684E+00,1
 1.0684E+00,1
 1.0713E+00,1
 1.0693E+00,1
 1.0713E+00,1
 1.0693E+00,1
 1.0703E+00,1
 1.0703E+00,1
 1.0713E+00,1
 1.0703E+00,1
 1.0693E+00,1
 1.0723E+00,1
 1.0693E+00,1
 1.0713E+00,1
 1.0713E+00,1
 1.0703E+00,1
 1.0713E+00,1
 1.0732E+00,1
 1.0693E+00,1
 1.0713E+00,1
 1.0693E+00,1
 1.0674E+00,1
 1.0703E+00,1
 1.0674E+00,1
 1.0664E+00,1
 1.0713E+00,1
 1.0723E+00,1
 1.0693E+00,1
 1.0684E+00,1
 1.0684E+00,1
 1.0684E+00,1
 1.0703E+00,1
 1.0703E+00,1
 1.0703E+00,1
 1.0703E+00,1
 1.0674E+00,1
 1.0684E+00,1
 1.0703E+00,1
 1.0693E+00,1
 1.0684E+00,1
 1.0693E+00,1
 1.0693E+00,1
 1.0684E+00,1
 1.0703E+00,1
 1.0713E+00,1
 1.0684E+00,1
 1.0693E+00,1
 1.0684E+00,1
 1.0664E+00,1
 1.0684E+00,1
 1.0693E+00,1
 1.0684E+00,1
 1.0693E+00,1
 1.0703E+00,1
 1.0674E+00,1
 1.0664E+00,1
 1.0664E+00,1
 1.0645E+00,1
 1.0684E+00,1
 1.0664E+00,1
 1.0684E+00,1
 1.0684E+00,1
 1.0693E+00,1
 1.0664E+00,1
 1.0664E+00,1
 1.0674E+00,1
 1.0664E+00,1
 1.0635E+00,1
 1.0645E+00,3,2,0,11-21-17,14:34:45,"50UL SUCCIN "
 1.0635E+00,1
 1.0625E+00,1
 1.0654E+00,1
 1.0605E+00,1
 1.0605E+00,1
 1.0615E+00,1
 1.0576E+00,1
 1.0566E+00,1
 1.0586E+00,1
 1.0547E+00,1
 1.0518E+00,1
 1.0547E+00,1
 1.0527E+00,1
 1.0488E+00,1
 1.0488E+00,1
 1.0439E+00,1
 1.0439E+00,1
 1.0410E+00,1
 1.0400E+00,1
 1.0381E+00,1
 1.0381E+00,1
 1.0361E+00,1
 1.0322E+00,1
 1.0313E+00,1
 1.0313E+00,1
 1.0273E+00,1
 1.0254E+00,1
 1.0244E+00,1
 1.0234E+00,1
 1.0186E+00,1
 1.0205E+00,1
 1.0195E+00,1
 1.0176E+00,1
 1.0156E+00,1
 1.0127E+00,1
 1.0127E+00,1
 1.0107E+00,1
 1.0098E+00,1
 1.0039E+00,1
 1.0039E+00,1
 1.0039E+00,1
 1.0010E+00,1
 1.0020E+00,1
 9.9805E-01,1
 9.9707E-01,1
 9.9414E-01,1
 9.9609E-01,1
 9.9219E-01,1
 9.8926E-01,1
 9.8828E-01,1
 9.8730E-01,1
 9.8633E-01,1
 9.8828E-01,1
 9.8438E-01,1
 9.8145E-01,1
 9.7754E-01,1
 9.8145E-01,1
 9.7754E-01,1
 9.7852E-01,1
 9.7363E-01,1
 9.7070E-01,1
 9.6875E-01,1
 9.6973E-01,1
 9.6875E-01,1
 9.6582E-01,1
 9.6680E-01,1
 9.6191E-01,1
 9.6094E-01,1
 9.6094E-01,1
 9.5898E-01,1
 9.5605E-01,1
 9.5996E-01,1
 9.5605E-01,1
 9.5313E-01,1
 9.5117E-01,1
 9.4922E-01,1
 9.5117E-01,1
 9.4727E-01,1
 9.4727E-01,1
 9.4531E-01,1
 9.4336E-01,1
 9.4141E-01,1
 9.4629E-01,1
 9.3945E-01,1
 9.3652E-01,1
 9.3555E-01,1
 9.3555E-01,1
 9.3164E-01,1
 9.3262E-01,1
 9.3066E-01,1
 9.2773E-01,1
 9.2773E-01,1
 9.2676E-01,1
 9.2383E-01,1
 9.2188E-01,1
 9.2188E-01,1
 9.1699E-01,1
 9.1797E-01,1
 9.1895E-01,1
 9.1699E-01,1
 9.1309E-01,1
 9.1309E-01,1
 9.1016E-01,1
 9.0820E-01,1
 9.0918E-01,1
 9.0723E-01,1
 9.0527E-01,1
 9.0625E-01,1
 9.0234E-01,1
 8.9844E-01,1
 8.9648E-01,1
 8.9746E-01,1
 8.9551E-01,1
 8.9551E-01,1
 8.9355E-01,1
 8.9258E-01,1
 8.9063E-01,1
 8.8672E-01,1
 8.8867E-01,1
 8.8770E-01,1
 8.8379E-01,1
 8.8477E-01,1
 8.8281E-01,1
 8.7891E-01,1
 8.7891E-01,1
 8.7891E-01,1
 8.7598E-01,1
 8.7500E-01,1
 8.7402E-01,1
 8.7109E-01,1
 8.7109E-01,1
 8.7109E-01,1
 8.7109E-01,1
 8.6816E-01,1
 8.6426E-01,1
 8.6523E-01,1
 8.6230E-01,1
 8.6230E-01,1
 8.6230E-01,1
 8.5742E-01,1
 8.5938E-01,1
 8.5742E-01,1
 8.5840E-01,1
 8.5254E-01,1
 8.5254E-01,1
 8.5254E-01,1
 8.4961E-01,1
 8.4863E-01,1
 8.4766E-01,1
 8.4863E-01,1
 8.4766E-01,1
 8.4473E-01,1
 8.4277E-01,1
 8.4082E-01,1
 8.3789E-01,1
 8.3887E-01,1
 8.3887E-01,1
 8.3594E-01,1
 8.3496E-01,1
 8.3496E-01,1
 8.3301E-01,1
 8.3008E-01,1
 8.3105E-01,1
 8.2910E-01,1
 8.2715E-01,1
 8.2715E-01,1
 8.2715E-01,1
 8.2422E-01,1
 8.2520E-01,1
 8.2715E-01,1
 8.2227E-01,1
 8.2031E-01,1
 8.2031E-01,1
 8.1738E-01,1
 8.1543E-01,1
 8.1641E-01,1
 8.1445E-01,1
 8.1543E-01,1
 8.1152E-01,1
 8.1250E-01,1
 8.0957E-01,1
 8.0762E-01,1
 8.0762E-01,1
 8.0664E-01,1
 8.0664E-01,1
 8.0371E-01,1
 8.0273E-01,1
 8.0469E-01,1
 8.0078E-01,1
 7.9590E-01,1
 7.9883E-01,1
 7.9883E-01,1
 7.9590E-01,1
 7.9492E-01,1
 7.9492E-01,1
 7.9297E-01,1
 7.9102E-01,1
 7.9297E-01,1
 7.9102E-01,1
 7.8613E-01,1
 7.8418E-01,1
 7.8613E-01,1
 7.8418E-01,1
 7.8320E-01,1
 7.8418E-01,1
 7.8125E-01,1
 7.8027E-01,1
 7.7539E-01,1
 7.7832E-01,1
 7.7539E-01,1
 7.7246E-01,1
 7.7539E-01,1
 7.7344E-01,1
 7.6855E-01,1
 7.6758E-01,1
 7.7051E-01,1
 7.6855E-01,1
 7.6563E-01,1
 7.6465E-01,1
 7.6758E-01,1
 7.6660E-01,1
 7.5977E-01,1
 7.5977E-01,1
 7.5879E-01,1
 7.5586E-01,1
 7.5781E-01,1
 7.5391E-01,1
 7.5293E-01,1
 7.5391E-01,1
 7.5293E-01,1
 7.5293E-01,1
 7.5098E-01,1
 7.5000E-01,1
 7.4707E-01,1
 7.4512E-01,1
 7.4512E-01,1
 7.4414E-01,1
 7.4023E-01,1
 7.4219E-01,1
 7.4121E-01,1
 7.4023E-01,3,3,0,11-21-17,14:38:46,"50UL 50UM TPZ"
 7.4414E-01,1
 7.4707E-01,1
 7.4609E-01,1
 7.4609E-01,1
 7.4707E-01,1
 7.5000E-01,1
 7.4512E-01,1
 7.4902E-01,1
 7.4902E-01,1
 7.4414E-01,1
 7.4512E-01,1
 7.4512E-01,1
 7.4414E-01,1
 7.4219E-01,1
 7.4219E-01,1
 7.4023E-01,1
 7.3926E-01,1
 7.3730E-01,1
 7.3730E-01,1
 7.4023E-01,1
 7.4023E-01,1
 7.3438E-01,1
 7.3242E-01,1
 7.3535E-01,1
 7.3535E-01,1
 7.3047E-01,1
 7.3047E-01,1
 7.2949E-01,1
 7.2949E-01,1
 7.3242E-01,1
 7.3145E-01,1
 7.2754E-01,1
 7.2559E-01,1
 7.2461E-01,1
 7.2656E-01,1
 7.2461E-01,1
 7.2168E-01,1
 7.2168E-01,1
 7.2168E-01,1
 7.1973E-01,1
 7.1973E-01,1
 7.1680E-01,1
 7.1777E-01,1
 7.1582E-01,1
 7.1582E-01,1
 7.1484E-01,1
 7.1289E-01,1
 7.1289E-01,1
 7.0996E-01,1
 7.1094E-01,1
 7.0898E-01,1
 7.0703E-01,1
 7.0801E-01,1
 7.0605E-01,1
 7.0898E-01,1
 7.0605E-01,1
 7.0410E-01,1
 7.0410E-01,1
 7.0410E-01,1
 7.0117E-01,1
 7.0020E-01,1
 6.9922E-01,1
 7.0215E-01,1
 6.9824E-01,1
 6.9727E-01,1
 6.9629E-01,1
 6.9629E-01,1
 6.9629E-01,1
 6.9434E-01,1
 6.9238E-01,1
 6.9141E-01,1
 6.9238E-01,1
 6.9043E-01,1
 6.9043E-01,1
 6.8750E-01,1
 6.8652E-01,1
 6.8652E-01,1
 6.8555E-01,1
 6.8555E-01,1
 6.8262E-01,1
 6.8066E-01,1
 6.8457E-01,1
 6.8066E-01,1
 6.8066E-01,1
 6.7871E-01,1
 6.7871E-01,1
 6.7969E-01,1
 6.7969E-01,1
 6.7676E-01,1
 6.7969E-01,1
 6.7285E-01,1
 6.7285E-01,1
 6.7383E-01,1
 6.7383E-01,1
 6.7188E-01,1
 6.6895E-01,1
 6.6992E-01,1
 6.6992E-01,1
 6.6797E-01,1
 6.6699E-01,1
 6.6699E-01,1
 6.6406E-01,1
 6.6504E-01,1
 6.6211E-01,1
 6.6309E-01,1
 6.6211E-01,1
 6.5918E-01,1
 6.5918E-01,1
 6.5918E-01,1
 6.5527E-01,1
 6.5820E-01,1
 6.5527E-01,1
 6.5430E-01,1
 6.5723E-01,1
 6.5430E-01,1
 6.5137E-01,1
 6.5234E-01,1
 6.4844E-01,1
 6.5039E-01,1
 6.4844E-01,1
 6.4746E-01,1
 6.5137E-01,1
 6.4648E-01,1
 6.4453E-01,1
 6.4355E-01,1
 6.4160E-01,1
 6.4355E-01,1
 6.4063E-01,1
 6.3965E-01,1
 6.4063E-01,1
 6.3965E-01,1
 6.3965E-01,1
 6.4063E-01,1
 6.3770E-01,1
 6.3672E-01,1
 6.3672E-01,1
 6.3281E-01,1
 6.3477E-01,1
 6.3086E-01,1
 6.2891E-01,1
 6.2988E-01,1
 6.2891E-01,1
 6.2793E-01,1
 6.3086E-01,1
 6.2500E-01,1
 6.2500E-01,1
 6.2598E-01,1
 6.2402E-01,1
 6.2109E-01,1
 6.2012E-01,1
 6.1914E-01,1
 6.2207E-01,1
 6.2012E-01,1
 6.2109E-01,1
 6.1816E-01,1
 6.1719E-01,1
 6.1621E-01,1
 6.1328E-01,1
 6.1426E-01,1
 6.1426E-01,1
 6.1426E-01,1
 6.1035E-01,1
 6.0938E-01,1
 6.1328E-01,1
 6.0840E-01,1
 6.0645E-01,1
 6.0840E-01,1
 6.0449E-01,1
 6.0547E-01,1
 6.0254E-01,1
 6.0352E-01,1
 6.0645E-01,1
 6.0254E-01,1
 6.0254E-01,1
 6.0059E-01,1
 5.9961E-01,1
 6.0156E-01,1
 5.9570E-01,1
 5.9570E-01,1
 5.9766E-01,1
 5.9668E-01,1
 5.9766E-01,1
 5.9668E-01,1
 5.9277E-01,1
 5.9473E-01,1
 5.9082E-01,1
 5.8984E-01,1
 5.8789E-01,1
 5.9082E-01,1
 5.8789E-01,1
 5.8887E-01,1
 5.8887E-01,1
 5.8789E-01,1
 5.8496E-01,1
 5.8496E-01,1
 5.8105E-01,1
 5.8301E-01,1
 5.8301E-01,1
 5.8203E-01,1
 5.8105E-01,1
 5.7910E-01,1
 5.8008E-01,1
 5.8008E-01,1
 5.7910E-01,1
 5.7715E-01,1
 5.7715E-01,1
 5.7813E-01,1
 5.7813E-01,1
 5.7422E-01,1
 5.7129E-01,1
 5.7227E-01,1
 5.7324E-01,1
 5.7031E-01,1
 5.7129E-01,1
 5.6836E-01,1
 5.6934E-01,1
 5.6934E-01,1
 5.6543E-01,1
 5.6738E-01,1
 5.6445E-01,1
 5.6738E-01,1
 5.6250E-01,1
 5.6152E-01,1
 5.6348E-01,1
 5.6250E-01,1
 5.6152E-01,1
 5.5859E-01,1
 5.5957E-01,1
 5.5762E-01,1
 5.6152E-01,1
 5.5566E-01,1
 5.5469E-01,1
 5.5957E-01,1
 5.5469E-01,1
 5.5566E-01,1
 5.5273E-01,1
