 1.0693E+00,3,1,1,11-21-17,15:49:27
 1.0693E+00,1
 1.0693E+00,1
 1.0703E+00,1
 1.0703E+00,1
 1.0674E+00,1
 1.0684E+00,1
 1.0693E+00,1
 1.0664E+00,1
 1.0684E+00,1
 1.0723E+00,1
 1.0693E+00,1
 1.0664E+00,1
 1.0684E+00,1
 1.0693E+00,1
 1.0684E+00,1
 1.0654E+00,1
 1.0684E+00,1
 1.0684E+00,1
 1.0664E+00,1
 1.0684E+00,1
 1.0684E+00,1
 1.0674E+00,1
 1.0654E+00,1
 1.0684E+00,1
 1.0684E+00,1
 1.0674E+00,1
 1.0674E+00,1
 1.0674E+00,1
 1.0664E+00,1
 1.0684E+00,1
 1.0684E+00,1
 1.0693E+00,1
 1.0645E+00,1
 1.0635E+00,1
 1.0703E+00,1
 1.0674E+00,1
 1.0674E+00,1
 1.0684E+00,1
 1.0693E+00,1
 1.0645E+00,1
 1.0664E+00,1
 1.0684E+00,1
 1.0654E+00,1
 1.0654E+00,1
 1.0684E+00,1
 1.0713E+00,1
 1.0674E+00,1
 1.0654E+00,1
 1.0684E+00,1
 1.0645E+00,1
 1.0625E+00,1
 1.0645E+00,1
 1.0684E+00,1
 1.0654E+00,1
 1.0645E+00,1
 1.0674E+00,1
 1.0674E+00,1
 1.0625E+00,1
 1.0635E+00,1
 1.0645E+00,1
 1.0635E+00,1
 1.0615E+00,1
 1.0664E+00,1
 1.0684E+00,1
 1.0654E+00,1
 1.0635E+00,1
 1.0645E+00,1
 1.0635E+00,1
 1.0547E+00,1
 1.0459E+00,1
 1.0283E+00,1
 1.0029E+00,1
 9.7363E-01,1
 9.5410E-01,1
 9.4141E-01,1
 9.3066E-01,1
 9.2871E-01,1
 9.3555E-01,1
 9.4727E-01,1
 9.6973E-01,1
 9.9219E-01,1
 1.0137E+00,1
 1.0293E+00,1
 1.0342E+00,1
 1.0439E+00,1
 1.0508E+00,1
 1.0547E+00,1
 1.0557E+00,1
 1.0596E+00,1
 1.0586E+00,1
 1.0586E+00,1
 1.0645E+00,1
 1.0645E+00,1
 1.0615E+00,1
 1.0586E+00,1
 1.0605E+00,1
 1.0586E+00,1
 1.0576E+00,1
 1.0625E+00,1
 1.0635E+00,1
 1.0635E+00,1
 1.0645E+00,1
 1.0645E+00,1
 1.0635E+00,1
 1.0615E+00,1
 1.0615E+00,1
 1.0625E+00,1
 1.0596E+00,1
 1.0615E+00,1
 1.0625E+00,1
 1.0615E+00,1
 1.0625E+00,1
 1.0596E+00,1
 1.0605E+00,1
 1.0576E+00,1
 1.0615E+00,1
 1.0605E+00,1
 1.0615E+00,1
 1.0615E+00,1
 1.0596E+00,1
 1.0596E+00,1
 1.0576E+00,1
 1.0596E+00,1
 1.0566E+00,1
 1.0547E+00,1
 1.0547E+00,1
 1.0576E+00,1
 1.0576E+00,1
 1.0566E+00,1
 1.0576E+00,1
 1.0596E+00,1
 1.0596E+00,1
 1.0566E+00,1
 1.0566E+00,1
 1.0586E+00,1
 1.0557E+00,1
 1.0547E+00,1
 1.0615E+00,1
 1.0625E+00,1
 1.0576E+00,1
 1.0547E+00,1
 1.0576E+00,1
 1.0557E+00,1
 1.0527E+00,1
 1.0537E+00,1
 1.0596E+00,1
 1.0596E+00,1
 1.0566E+00,1
 1.0566E+00,1
 1.0596E+00,1
 1.0566E+00,1
 1.0547E+00,1
 1.0566E+00,1
 1.0557E+00,1
 1.0537E+00,1
 1.0537E+00,1
 1.0586E+00,1
 1.0625E+00,1
 1.0566E+00,1
 1.0537E+00,1
 1.0547E+00,1
 1.0566E+00,1
 1.0547E+00,1
 1.0527E+00,1
 1.0557E+00,1
 1.0566E+00,1
 1.0566E+00,1
 1.0527E+00,1
 1.0557E+00,1
 1.0566E+00,1
 1.0547E+00,1
 1.0527E+00,1
 1.0547E+00,1
 1.0537E+00,1
 1.0527E+00,1
 1.0537E+00,1
 1.0547E+00,1
 1.0566E+00,1
 1.0537E+00,1
 1.0547E+00,1
 1.0557E+00,1
 1.0518E+00,1
 1.0508E+00,1
 1.0557E+00,1
 1.0566E+00,1
 1.0537E+00,1
 1.0537E+00,1
 1.0557E+00,1
 1.0576E+00,1
 1.0498E+00,1
 1.0479E+00,1
 1.0508E+00,1
 1.0527E+00,1
 1.0498E+00,1
 1.0518E+00,1
 1.0557E+00,1
 1.0576E+00,1
 1.0508E+00,1
 1.0508E+00,1
 1.0518E+00,1
 1.0518E+00,1
 1.0469E+00,1
 1.0459E+00,1
 1.0518E+00,1
 1.0527E+00,1
 1.0488E+00,1
 1.0498E+00,1
 1.0527E+00,1
 1.0518E+00,1
 1.0469E+00,1
 1.0479E+00,1
 1.0488E+00,1
 1.0508E+00,1
 1.0459E+00,1
 1.0488E+00,1
 1.0518E+00,1
 1.0518E+00,1
 1.0479E+00,1
 1.0498E+00,1
 1.0488E+00,1
 1.0479E+00,1
 1.0439E+00,1
 1.0439E+00,1
 1.0459E+00,1
 1.0469E+00,1
 1.0479E+00,1
 1.0488E+00,1
 1.0508E+00,1
 1.0498E+00,1
 1.0498E+00,1
 1.0508E+00,1
 1.0469E+00,1
 1.0449E+00,1
 1.0479E+00,1
 1.0488E+00,1
 1.0449E+00,3,2,0,11-21-17,15:53:23,"50UL SUCCINATE"
 1.0430E+00,1
 1.0439E+00,1
 1.0449E+00,1
 1.0439E+00,1
 1.0449E+00,1
 1.0469E+00,1
 1.0469E+00,1
 1.0488E+00,1
 1.0488E+00,1
 1.0498E+00,1
 1.0498E+00,1
 1.0479E+00,1
 1.0459E+00,1
 1.0459E+00,1
 1.0479E+00,1
 1.0449E+00,1
 1.0459E+00,1
 1.0469E+00,1
 1.0498E+00,1
 1.0508E+00,1
 1.0479E+00,1
 1.0479E+00,1
 1.0479E+00,1
 1.0459E+00,1
 1.0449E+00,1
 1.0449E+00,1
 1.0488E+00,1
 1.0479E+00,1
 1.0439E+00,1
 1.0449E+00,1
 1.0459E+00,1
 1.0469E+00,1
 1.0459E+00,1
 1.0469E+00,1
 1.0459E+00,1
 1.0439E+00,1
 1.0439E+00,1
 1.0430E+00,1
 1.0439E+00,1
 1.0449E+00,1
 1.0420E+00,1
 1.0430E+00,1
 1.0410E+00,1
 1.0400E+00,1
 1.0410E+00,1
 1.0420E+00,1
 1.0420E+00,1
 1.0410E+00,1
 1.0420E+00,1
 1.0410E+00,1
 1.0410E+00,1
 1.0420E+00,1
 1.0420E+00,1
 1.0420E+00,1
 1.0381E+00,1
 1.0371E+00,1
 1.0391E+00,1
 1.0361E+00,1
 1.0361E+00,1
 1.0381E+00,1
 1.0391E+00,1
 1.0391E+00,1
 1.0381E+00,1
 1.0391E+00,1
 1.0361E+00,1
 1.0371E+00,1
 1.0381E+00,1
 1.0352E+00,1
 1.0371E+00,1
 1.0381E+00,1
 1.0322E+00,1
 1.0352E+00,1
 1.0381E+00,1
 1.0361E+00,1
 1.0303E+00,1
 1.0332E+00,1
 1.0352E+00,1
 1.0313E+00,1
 1.0322E+00,1
 1.0342E+00,1
 1.0371E+00,1
 1.0361E+00,1
 1.0322E+00,1
 1.0322E+00,1
 1.0332E+00,1
 1.0322E+00,1
 1.0332E+00,1
 1.0352E+00,1
 1.0361E+00,1
 1.0322E+00,1
 1.0342E+00,1
 1.0352E+00,1
 1.0342E+00,1
 1.0293E+00,1
 1.0293E+00,1
 1.0322E+00,1
 1.0313E+00,1
 1.0273E+00,1
 1.0283E+00,1
 1.0342E+00,1
 1.0332E+00,1
 1.0303E+00,1
 1.0293E+00,1
 1.0313E+00,1
 1.0313E+00,1
 1.0264E+00,1
 1.0254E+00,1
 1.0283E+00,1
 1.0293E+00,1
 1.0264E+00,1
 1.0273E+00,1
 1.0303E+00,1
 1.0322E+00,1
 1.0264E+00,1
 1.0264E+00,1
 1.0283E+00,1
 1.0273E+00,1
 1.0234E+00,1
 1.0244E+00,1
 1.0273E+00,1
 1.0293E+00,1
 1.0254E+00,1
 1.0244E+00,1
 1.0254E+00,1
 1.0244E+00,1
 1.0215E+00,1
 1.0186E+00,1
 1.0195E+00,1
 1.0225E+00,1
 1.0225E+00,1
 1.0264E+00,1
 1.0283E+00,1
 1.0293E+00,1
 1.0264E+00,1
 1.0244E+00,1
 1.0225E+00,1
 1.0215E+00,1
 1.0186E+00,1
 1.0225E+00,1
 1.0215E+00,1
 1.0215E+00,1
 1.0186E+00,1
 1.0186E+00,1
 1.0205E+00,1
 1.0195E+00,1
 1.0205E+00,1
 1.0205E+00,1
 1.0215E+00,1
 1.0215E+00,1
 1.0205E+00,1
 1.0205E+00,1
 1.0205E+00,1
 1.0195E+00,1
 1.0186E+00,1
 1.0195E+00,1
 1.0205E+00,1
 1.0205E+00,1
 1.0176E+00,1
 1.0264E+00,1
 1.0205E+00,1
 1.0205E+00,1
 1.0186E+00,1
 1.0156E+00,1
 1.0068E+00,1
 1.0000E+00,1
 1.0000E+00,1
 9.9707E-01,1
 1.0068E+00,1
 1.0088E+00,1
 1.0029E+00,1
 9.4824E-01,1
 8.8086E-01,1
 8.3008E-01,1
 8.0078E-01,1
 7.9590E-01,1
 8.0859E-01,1
 8.2617E-01,1
 8.4375E-01,1
 8.6230E-01,1
 8.7695E-01,1
 8.8672E-01,1
 8.9355E-01,1
 9.0137E-01,1
 9.0723E-01,1
 9.1016E-01,1
 9.1113E-01,1
 9.1211E-01,1
 9.1504E-01,1
 9.1699E-01,1
 9.1797E-01,1
 9.1992E-01,1
 9.1895E-01,1
 9.2090E-01,1
 9.1699E-01,1
 8.9844E-01,1
 8.7305E-01,1
 8.3398E-01,1
 7.8027E-01,1
 7.2168E-01,1
 6.7383E-01,1
 6.2988E-01,1
 5.8887E-01,1
 5.5469E-01,1
 5.2637E-01,1
 5.0195E-01,1
 4.8145E-01,1
 4.5898E-01,1
 4.4043E-01,1
 4.2871E-01,1
 4.1797E-01,1
 4.0723E-01,1
 3.9453E-01,1
 3.8867E-01,1
 3.8184E-01,1
 3.7402E-01,1
 3.6426E-01,1
 3.5938E-01,1
 3.5449E-01,1
 3.4766E-01,1
 3.4082E-01,1
 3.3594E-01,1
 3.3203E-01,1
 3.2813E-01,1
 3.2227E-01,1
 3.2031E-01,1
 3.2031E-01,1
 3.1836E-01,1
 3.1348E-01,1
 3.0762E-01,1
 3.0664E-01,1
 3.0664E-01,1
 3.0469E-01,1
 3.0078E-01,1
 3.0176E-01,1
 3.0273E-01,1
 3.0078E-01,1
 2.9883E-01,1
 2.9785E-01,1
 2.9980E-01,1
 2.9785E-01,1
 2.9492E-01,1
 2.9199E-01,1
 2.9297E-01,1
 2.9004E-01,1
 2.8809E-01,1
 2.9004E-01,1
 2.8906E-01,1
 2.9004E-01,1
 2.8906E-01,1
 2.8418E-01,1
 2.8320E-01,1
 2.8516E-01,1
 2.8418E-01,1
 2.8223E-01,1
 2.8223E-01,1
 2.8320E-01,1
 2.8320E-01,1
 2.8223E-01,1
 2.7930E-01,1
 2.8125E-01,1
 2.8125E-01,1
 2.8027E-01,1
 2.7734E-01,1
 2.7637E-01,1
 2.7637E-01,1
 2.7441E-01,1
 2.7344E-01,1
 2.7344E-01,1
 2.7637E-01,1
 2.7539E-01,1
 2.7246E-01,1
 2.6953E-01,1
 2.7051E-01,1
 2.7051E-01,1
 2.7051E-01,1
 2.6855E-01,1
 2.6953E-01,1
 2.6953E-01,1
 2.6953E-01,1
 2.6758E-01,1
 2.6855E-01,1
 2.6855E-01,1
 2.6660E-01,1
 2.6465E-01,1
 2.6660E-01,1
 2.6563E-01,1
 2.6367E-01,1
 2.6367E-01,1
 2.6660E-01,1
 2.6563E-01,1
 2.6270E-01,1
 2.5977E-01,1
 2.5977E-01,1
 2.6074E-01,1
 2.5977E-01,1
 2.5684E-01,1
 2.5781E-01,1
 2.6172E-01,1
 2.6074E-01,1
 2.5586E-01,1
 2.5586E-01,1
 2.5781E-01,1
 2.5879E-01,1
 2.5879E-01,1
 2.5488E-01,1
 2.5488E-01,1
 2.5391E-01,1
 2.5586E-01,1
 2.5293E-01,1
 2.5293E-01,1
 2.5195E-01,1
 2.5391E-01,1
 2.5488E-01,1
 2.5488E-01,1
 2.5391E-01,1
 2.5488E-01,1
 2.5293E-01,1
 2.5000E-01,1
 2.4902E-01,1
 2.5098E-01,1
 2.5098E-01,1
 2.5000E-01,1
 2.5195E-01,1
 2.5098E-01,1
 2.5098E-01,1
 2.5000E-01,1
 2.5000E-01,1
 2.4707E-01,1
 2.4609E-01,1
 2.4805E-01,1
 2.4805E-01,1
 2.4902E-01,1
 2.5000E-01,1
 2.4902E-01,1
 2.4609E-01,1
 2.4707E-01,1
 2.4707E-01,1
 2.4805E-01,1
 2.4512E-01,1
 2.4512E-01,1
 2.4512E-01,1
 2.4512E-01,1
 2.4609E-01,1
 2.4609E-01,1
 2.4316E-01,1
 2.4609E-01,1
 2.4707E-01,1
 2.4219E-01,1
 2.4219E-01,1
 2.4512E-01,1
 2.4414E-01,1
 2.4316E-01,1
 2.4512E-01,1
 2.4609E-01,1
 2.4609E-01,1
 2.4414E-01,1
 2.4316E-01,1
 2.4414E-01,1
 2.4219E-01,1
 2.4121E-01,1
 2.3926E-01,1
 2.4023E-01,1
 2.4121E-01,1
 2.4023E-01,1
 2.4121E-01,1
 2.4512E-01,1
 2.4512E-01,1
 2.4609E-01,1
 2.4316E-01,1
 2.4512E-01,1
 2.4219E-01,1
 2.4316E-01,1
 2.4121E-01,1
 2.4219E-01,1
 2.4219E-01,1
 2.4121E-01,1
 2.4023E-01,1
 2.4121E-01,1
 2.4219E-01,1
 2.3926E-01,1
 2.3828E-01,1
 2.4219E-01,1
 2.4316E-01,1
 2.4219E-01,1
 2.4121E-01,1
 2.4219E-01,1
 2.4219E-01,1
 2.4121E-01,1
 2.3926E-01,1
 2.4121E-01,1
 2.3926E-01,1
 2.4121E-01,1
 2.4023E-01,1
 2.3828E-01,1
 2.3828E-01,1
 2.4121E-01,1
 2.4121E-01,1
 2.4023E-01,1
 2.3926E-01,1
 2.3730E-01,1
 2.4023E-01,1
 2.3633E-01,1
 2.3828E-01,1
 2.3828E-01,1
 2.3926E-01,1
 2.3828E-01,1
 2.3926E-01,1
 2.3828E-01,1
 2.3730E-01,1
 2.3926E-01,1
 2.3926E-01,1
 2.4023E-01,1
 2.3828E-01,1
 2.3828E-01,1
 2.3730E-01,1
 2.3828E-01,1
 2.3730E-01,1
 2.3633E-01,1
 2.3438E-01,1
 2.3438E-01,1
 2.3730E-01,1
 2.3730E-01,1
 2.3535E-01,1
 2.3730E-01,1
 2.3828E-01,1
 2.3535E-01,1
 2.3340E-01,1
 2.3340E-01,1
 2.3438E-01,1
 2.3535E-01,1
 2.3340E-01,1
 2.3438E-01,1
 2.3340E-01,1
 2.3535E-01,1
 2.3438E-01,1
 2.3242E-01,1
 2.3047E-01,1
 2.3047E-01,1
 2.2949E-01,1
 2.3145E-01,1
 2.3145E-01,1
 2.3242E-01,1
 2.3145E-01,1
 2.3145E-01,1
 2.3047E-01,1
 2.2949E-01,1
 2.2949E-01,1
 2.2949E-01,1
 2.3145E-01,1
 2.3145E-01,1
 2.3047E-01,1
 2.3145E-01,1
 2.2949E-01,1
 2.2754E-01,1
 2.2754E-01,1
 2.2852E-01,1
 2.2852E-01,1
 2.3047E-01,1
 2.3047E-01,1
 2.2754E-01,1
 2.2852E-01,1
 2.2559E-01,1
 2.2559E-01,1
 2.2754E-01,1
 2.2949E-01,1
 2.2852E-01,1
 2.2754E-01,1
 2.2656E-01,1
 2.2656E-01,1
 2.2656E-01,1
 2.2656E-01,1
 2.2754E-01,1
 2.2754E-01,1
 2.2754E-01,1
 2.2656E-01,1
 2.2559E-01,1
 2.2559E-01,1
 2.2656E-01,1
 2.2852E-01,1
 2.2754E-01,1
 2.2754E-01,1
 2.2656E-01,1
 2.2363E-01,1
 2.2461E-01,1
 2.2754E-01,1
 2.2461E-01,1
 2.2266E-01,1
 2.2266E-01,1
 2.2559E-01,1
 2.2559E-01,1
 2.2559E-01,1
 2.2363E-01,1
 2.2363E-01,1
 2.2461E-01,1
 2.2559E-01,1
 2.2461E-01,1
 2.2266E-01,1
 2.2266E-01,1
 2.2461E-01,1
 2.2461E-01,1
 2.2363E-01,1
 2.2168E-01,1
 2.2266E-01,1
 2.2559E-01,1
 2.2461E-01,1
 2.2266E-01,1
 2.2168E-01,1
 2.2168E-01,1
 2.2266E-01,1
 2.2363E-01,1
 2.2168E-01,1
 2.2168E-01,1
 2.2168E-01,1
 2.2168E-01,1
 2.2266E-01,1
 2.2266E-01,1
 2.2461E-01,1
 2.2559E-01,1
 2.2363E-01,1
 2.2168E-01,1
 2.2070E-01,1
 2.1973E-01,1
 2.1973E-01,1
 2.2168E-01,1
 2.2168E-01,1
 2.2070E-01,1
 2.2070E-01,1
 2.2168E-01,1
 2.2070E-01,1
 2.2070E-01,1
 2.1973E-01,1
 2.1973E-01,1
 2.2070E-01,1
 2.1973E-01,1
 2.1973E-01,1
 2.2070E-01,1
 2.2266E-01,1
 2.2363E-01,1
 2.2168E-01,1
 2.1777E-01,1
 2.1777E-01,1
 2.1973E-01,1
 2.1973E-01,1
 2.1875E-01,1
 2.1777E-01,1
 2.1973E-01,1
 2.2168E-01,1
 2.1680E-01,1
 2.1777E-01,1
 2.1973E-01,1
 2.2070E-01,1
 2.2266E-01,1
 2.1973E-01,1
 2.2070E-01,1
 2.4902E-01,1
 3.1055E-01,1
 3.8574E-01,1
 4.5215E-01,1
 5.1074E-01,1
 5.6250E-01,1
 6.0840E-01,1
 6.5039E-01,1
 6.8359E-01,1
 7.1289E-01,1
 7.3730E-01,1
 7.5781E-01,1
 7.7148E-01,1
 7.8125E-01,1
 7.8516E-01,1
 7.9102E-01,1
 7.9004E-01,1
 7.9102E-01,1
 7.8613E-01,1
 7.8516E-01,1
 7.7832E-01,1
 7.7051E-01,1
 7.6563E-01,1
 7.6465E-01,1
 7.6660E-01,1
 7.7148E-01,1
 7.7441E-01,1
 7.7930E-01,1
 7.8027E-01,1
 7.8809E-01,1
 7.9102E-01,1
 7.9199E-01,1
 7.9199E-01,1
 7.9297E-01,1
 7.9199E-01,1
 7.9492E-01,1
 7.9297E-01,1
 7.9395E-01,1
 7.9395E-01,1
 7.9102E-01,1
 7.9297E-01,1
 7.9395E-01,1
 7.9492E-01,1
 7.9688E-01,1
 7.9688E-01,1
 7.9980E-01,1
 8.0176E-01,1
 8.0371E-01,1
 8.0566E-01,1
 8.0371E-01,1
 8.0566E-01,1
 8.0469E-01,1
 8.1738E-01,1
 8.4570E-01,1
 8.6328E-01,1
 8.8184E-01,1
 9.0625E-01,1
 9.3359E-01,1
 9.6094E-01,1
 9.8242E-01,1
 1.0000E+00,1
 1.0186E+00,1
 1.0361E+00,1
 1.0508E+00,1
 1.0596E+00,1
 1.0664E+00,1
 1.0723E+00,1
 1.0811E+00,1
 1.0869E+00,1
 1.0889E+00,1
 1.0898E+00,1
 1.0928E+00,1
 1.0977E+00,1
 1.0996E+00,1
 1.0986E+00,1
 1.0977E+00,1
 1.0996E+00,1
 1.1035E+00,1
 1.1064E+00,1
 1.1055E+00,1
 1.1055E+00,1
 1.1064E+00,1
 1.1123E+00,1
 1.1123E+00,1
 1.1123E+00,1
 1.1123E+00,1
 1.1143E+00,1
 1.1162E+00,1
 1.1172E+00,1
 1.1162E+00,1
 1.1152E+00,1
 1.1162E+00,1
 1.1182E+00,1
 1.1191E+00,1
 1.1191E+00,1
 1.1201E+00,1
 1.1211E+00,1
 1.1260E+00,1
 1.1240E+00,1
 1.1211E+00,1
 1.1250E+00,1
 1.1240E+00,1
 1.1270E+00,1
 1.1279E+00,1
 1.1260E+00,1
 1.1260E+00,1
 1.1309E+00,1
 1.1318E+00,1
 1.1328E+00,1
 1.1299E+00,1
 1.1309E+00,1
 1.1328E+00,1
 1.1309E+00,1
 1.1309E+00,1
 1.1338E+00,1
 1.1348E+00,1
 1.1338E+00,1
 1.1328E+00,1
 1.1318E+00,1
 1.1328E+00,1
 1.1338E+00,1
 1.1367E+00,1
 1.1348E+00,1
 1.1348E+00,1
 1.1328E+00,1
 1.1367E+00,1
 1.1387E+00,1
 1.1357E+00,1
 1.1338E+00,1
 1.1318E+00,1
 1.1348E+00,1
 1.1367E+00,1
 1.1367E+00,1
 1.1348E+00,1
 1.1387E+00,1
 1.1416E+00,1
 1.1455E+00,1
 1.1465E+00,1
 1.1455E+00,1
 1.1465E+00,1
 1.1504E+00,1
 1.1523E+00,1
 1.1523E+00,1
 1.1533E+00,1
 1.1563E+00,1
 1.1572E+00,1
 1.1621E+00,1
 1.1641E+00,1
 1.1660E+00,1
 1.1689E+00,1
 1.1699E+00,1
 1.1719E+00,1
 1.1738E+00,1
 1.1777E+00,1
 1.1807E+00,1
 1.1846E+00,1
 1.1846E+00,1
 1.1875E+00,1
 1.1885E+00,1
 1.1885E+00,1
 1.1924E+00,1
 1.1953E+00,1
 1.1982E+00,1
 1.1992E+00,1
 1.2031E+00,1
 1.2080E+00,1
 1.2090E+00,1
 1.2129E+00,1
 1.2109E+00,1
 1.2129E+00,1
 1.2158E+00,1
 1.2188E+00,1
 1.2217E+00,1
 1.2197E+00,1
 1.2217E+00,1
 1.2256E+00,1
 1.2275E+00,1
 1.2324E+00,1
 1.2324E+00,1
 1.2344E+00,1
 1.2363E+00,1
 1.2393E+00,1
 1.2422E+00,1
 1.2432E+00,1
 1.2422E+00,1
 1.2432E+00,1
 1.2461E+00,1
 1.2490E+00,1
 1.2490E+00,1
 1.2510E+00,1
 1.2539E+00,1
 1.2568E+00,1
 1.2607E+00,1
 1.2598E+00,1
 1.2598E+00,1
 1.2627E+00,1
 1.2637E+00,1
 1.2627E+00,1
 1.2617E+00,1
 1.2656E+00,1
 1.2666E+00,1
 1.2695E+00,1
 1.2715E+00,1
 1.2734E+00,1
 1.2734E+00,1
 1.2725E+00,1
 1.2744E+00,1
 1.2744E+00,1
 1.2764E+00,1
 1.2803E+00,1
 1.2803E+00,1
 1.2822E+00,1
 1.2832E+00,1
 1.2803E+00,1
 1.2793E+00,1
 1.2793E+00,1
 1.2822E+00,1
 1.2803E+00,1
 1.2793E+00,1
 1.2803E+00,1
 1.2813E+00,1
 1.2842E+00,1
 1.2871E+00,1
 1.2842E+00,1
 1.2813E+00,1
 1.2813E+00,1
 1.2539E+00,1
 1.2100E+00,1
 1.1680E+00,1
 1.1504E+00,1
 1.1348E+00,1
 1.1289E+00,1
 1.1221E+00,1
 1.1074E+00,1
 1.0996E+00,1
 1.0977E+00,1
 1.0928E+00,1
 1.0918E+00,1
 1.0869E+00,1
 1.0811E+00,1
 1.0791E+00,1
 1.0742E+00,1
 1.0713E+00,1
 1.0723E+00,1
 1.0723E+00,1
 1.0703E+00,1
 1.0723E+00,1
 1.0732E+00,1
 1.0703E+00,1
 1.0684E+00,1
 1.0674E+00,1
 1.0703E+00,1
 1.0703E+00,1
 1.0703E+00,1
 1.0703E+00,1
 1.0684E+00,1
 1.0674E+00,1
 1.0664E+00,1
 1.0664E+00,1
 1.0674E+00,1
 1.0674E+00,1
 1.0664E+00,1
 1.0654E+00,1
 1.0635E+00,1
 1.0645E+00,1
 1.0635E+00,1
 1.0625E+00,1
 1.0625E+00,1
 1.0615E+00,1
 1.0596E+00,1
 1.0605E+00,1
 1.0586E+00,1
 1.0615E+00,1
 1.0586E+00,1
 1.0586E+00,1
 1.0576E+00,1
 1.0557E+00,1
 1.0576E+00,1
 1.0576E+00,1
 1.0586E+00,1
 1.0586E+00,1
 1.0566E+00,1
 1.0576E+00,1
 1.0596E+00,1
 1.0586E+00,1
 1.0547E+00,1
 1.0518E+00,1
 1.0547E+00,1
 1.0537E+00,1
 1.0547E+00,1
 1.0615E+00,1
 1.0674E+00,1
 1.0654E+00,1
 1.0684E+00,1
 1.0664E+00,1
 1.0684E+00,1
 1.0693E+00,1
 1.0693E+00,1
 1.0713E+00,1
 1.0674E+00,1
 1.0664E+00,1
 1.0684E+00,1
