 1.1436E+00,3,1,1,11-17-17,13:54:16
 1.1416E+00,1
 1.1465E+00,1
 1.1494E+00,1
 1.1504E+00,1
 1.1475E+00,1
 1.1465E+00,1
 1.1475E+00,1
 1.1484E+00,1
 1.1475E+00,1
 1.1436E+00,1
 1.1455E+00,1
 1.1484E+00,1
 1.1494E+00,1
 1.1465E+00,1
 1.1455E+00,1
 1.1445E+00,1
 1.1475E+00,1
 1.1475E+00,1
 1.1484E+00,1
 1.1455E+00,1
 1.1445E+00,1
 1.1436E+00,1
 1.1445E+00,1
 1.1455E+00,1
 1.1436E+00,1
 1.1436E+00,1
 1.1455E+00,1
 1.1455E+00,1
 1.1465E+00,1
 1.1465E+00,1
 1.1445E+00,1
 1.1436E+00,1
 1.1445E+00,1
 1.1475E+00,1
 1.1465E+00,1
 1.1426E+00,1
 1.1455E+00,1
 1.1494E+00,1
 1.1484E+00,1
 1.1475E+00,1
 1.1475E+00,1
 1.1484E+00,1
 1.1504E+00,1
 1.1514E+00,1
 1.1514E+00,1
 1.1475E+00,1
 1.1455E+00,1
 1.1504E+00,1
 1.1504E+00,1
 1.1475E+00,1
 1.1465E+00,1
 1.1504E+00,1
 1.1504E+00,1
 1.1504E+00,1
 1.1514E+00,1
 1.1494E+00,1
 1.1475E+00,1
 1.1494E+00,1
 1.1484E+00,1
 1.1484E+00,1
 1.1484E+00,1
 1.1475E+00,1
 1.1455E+00,1
 1.1484E+00,1
 1.1475E+00,1
 1.1455E+00,1
 1.1455E+00,1
 1.1436E+00,1
 1.1426E+00,1
 1.1416E+00,1
 1.1396E+00,1
 1.1289E+00,1
 1.1240E+00,1
 1.1230E+00,1
 1.1172E+00,1
 1.1133E+00,1
 1.1152E+00,1
 1.1182E+00,1
 1.1172E+00,1
 1.1143E+00,1
 1.1162E+00,1
 1.1182E+00,1
 1.1191E+00,1
 1.1162E+00,1
 1.1143E+00,1
 1.1152E+00,1
 1.1162E+00,1
 1.1201E+00,1
 1.1230E+00,1
 1.1211E+00,1
 1.1211E+00,1
 1.1211E+00,1
 1.1250E+00,1
 1.1270E+00,1
 1.1250E+00,1
 1.1230E+00,1
 1.1211E+00,1
 1.1182E+00,1
 1.1191E+00,1
 1.1211E+00,1
 1.1182E+00,1
 1.1182E+00,1
 1.1211E+00,1
 1.1250E+00,1
 1.1260E+00,1
 1.1240E+00,1
 1.1230E+00,1
 1.1230E+00,1
 1.1240E+00,1
 1.1201E+00,1
 1.1162E+00,1
 1.1191E+00,1
 1.1191E+00,1
 1.1191E+00,1
 1.1191E+00,1
 1.1172E+00,1
 1.1133E+00,1
 1.1152E+00,1
 1.1172E+00,1
 1.1152E+00,1
 1.1133E+00,1
 1.1143E+00,1
 1.1123E+00,1
 1.1123E+00,1
 1.1113E+00,1
 1.1123E+00,1
 1.1104E+00,1
 1.1113E+00,1
 1.1123E+00,1
 1.1143E+00,1
 1.1133E+00,1
 1.1133E+00,1
 1.1133E+00,1
 1.1172E+00,1
 1.1152E+00,1
 1.1152E+00,1
 1.1123E+00,1
 1.1133E+00,1
 1.1104E+00,1
 1.1084E+00,1
 1.1074E+00,1
 1.1094E+00,1
 1.1113E+00,1
 1.1094E+00,1
 1.1064E+00,1
 1.1055E+00,1
 1.1064E+00,3,2,0,11-17-17,13:56:43,"50ul nadh"
 1.1064E+00,1
 1.1035E+00,1
 1.1035E+00,1
 1.1074E+00,1
 1.1104E+00,1
 1.1113E+00,1
 1.1094E+00,1
 1.1064E+00,1
 1.1045E+00,1
 1.1064E+00,1
 1.1045E+00,1
 1.1025E+00,1
 1.1055E+00,1
 1.1055E+00,1
 1.1064E+00,1
 1.1074E+00,1
 1.1064E+00,1
 1.1064E+00,1
 1.1035E+00,1
 1.1045E+00,1
 1.1035E+00,1
 1.1045E+00,1
 1.1055E+00,1
 1.1045E+00,1
 1.1016E+00,1
 1.1016E+00,1
 1.0996E+00,1
 1.1025E+00,1
 1.1055E+00,1
 1.1045E+00,1
 1.1064E+00,1
 1.1045E+00,1
 1.1045E+00,1
 1.1025E+00,1
 1.1006E+00,1
 1.1025E+00,1
 1.0986E+00,1
 1.0996E+00,1
 1.0967E+00,1
 1.0928E+00,1
 1.0889E+00,1
 1.0879E+00,1
 1.0840E+00,1
 1.0820E+00,1
 1.0820E+00,1
 1.0830E+00,1
 1.0830E+00,1
 1.0801E+00,1
 1.0762E+00,1
 1.0801E+00,1
 1.0791E+00,1
 1.0742E+00,1
 1.0801E+00,1
 1.0830E+00,1
 1.0801E+00,1
 1.0781E+00,1
 1.0762E+00,1
 1.0781E+00,1
 1.0762E+00,1
 1.0732E+00,1
 1.0723E+00,1
 1.0723E+00,1
 1.0713E+00,1
 1.0703E+00,1
 1.0723E+00,1
 1.0732E+00,1
 1.0742E+00,1
 1.0713E+00,1
 1.0713E+00,1
 1.0742E+00,1
 1.0693E+00,1
 1.0664E+00,1
 1.0674E+00,1
 1.0684E+00,1
 1.0664E+00,1
 1.0654E+00,1
 1.0615E+00,1
 1.0596E+00,1
 1.0615E+00,1
 1.0576E+00,1
 1.0566E+00,1
 1.0566E+00,1
 1.0586E+00,1
 1.0547E+00,1
 1.0498E+00,1
 1.0498E+00,1
 1.0547E+00,1
 1.0557E+00,1
 1.0527E+00,1
 1.0537E+00,1
 1.0547E+00,1
 1.0547E+00,1
 1.0508E+00,1
 1.0469E+00,1
 1.0498E+00,1
 1.0479E+00,1
 1.0479E+00,1
 1.0488E+00,1
 1.0527E+00,1
 1.0479E+00,1
 1.0459E+00,1
 1.0459E+00,1
 1.0469E+00,1
 1.0439E+00,1
 1.0400E+00,1
 1.0430E+00,1
 1.0420E+00,1
 1.0420E+00,1
 1.0420E+00,1
 1.0439E+00,1
 1.0459E+00,1
 1.0439E+00,1
 1.0420E+00,1
 1.0430E+00,1
 1.0400E+00,1
 1.0371E+00,1
 1.0361E+00,1
 1.0371E+00,1
 1.0381E+00,1
 1.0391E+00,1
 1.0400E+00,1
 1.0391E+00,1
 1.0371E+00,1
 1.0391E+00,1
 1.0381E+00,1
 1.0342E+00,1
 1.0342E+00,1
 1.0342E+00,1
 1.0303E+00,1
 1.0313E+00,1
 1.0342E+00,1
 1.0322E+00,1
 1.0293E+00,1
 1.0322E+00,1
 1.0322E+00,1
 1.0303E+00,1
 1.0283E+00,1
 1.0273E+00,1
 1.0293E+00,1
 1.0273E+00,1
 1.0244E+00,1
 1.0273E+00,1
 1.0303E+00,1
 1.0254E+00,1
 1.0264E+00,1
 1.0234E+00,1
 1.0205E+00,1
 1.0146E+00,1
 1.0137E+00,1
 1.0117E+00,1
 1.0098E+00,1
 1.0098E+00,1
 1.0107E+00,1
 1.0137E+00,1
 1.0107E+00,1
 1.0098E+00,1
 1.0098E+00,1
 1.0098E+00,1
 1.0049E+00,1
 1.0049E+00,1
 1.0078E+00,1
 1.0039E+00,1
 1.0029E+00,1
 1.0029E+00,1
 1.0000E+00,1
 1.0020E+00,1
 9.9609E-01,1
 9.9414E-01,1
 9.9316E-01,1
 9.9023E-01,1
 9.8926E-01,1
 9.8633E-01,1
 9.8633E-01,1
 9.8730E-01,1
 9.8633E-01,1
 9.8926E-01,1
 9.8535E-01,1
 9.8340E-01,1
 9.8340E-01,1
 9.8340E-01,1
 9.8340E-01,1
 9.8145E-01,1
 9.7852E-01,1
 9.7754E-01,1
 9.7754E-01,1
 9.8145E-01,1
 9.8047E-01,1
 9.7461E-01,1
 9.7656E-01,1
 9.7852E-01,1
 9.7559E-01,1
 9.7070E-01,1
 9.7461E-01,1
 9.7363E-01,1
 9.7266E-01,1
 9.7363E-01,1
 9.7656E-01,1
 9.7461E-01,1
 9.6973E-01,1
 9.6875E-01,1
 9.7070E-01,1
 9.6875E-01,1
 9.6582E-01,1
 9.6875E-01,1
 9.7168E-01,1
 9.6875E-01,1
 9.6777E-01,1
 9.6582E-01,1
 9.6680E-01,1
 9.6289E-01,1
 9.6484E-01,1
 9.6191E-01,1
 9.6191E-01,1
 9.6191E-01,1
 9.6191E-01,1
 9.5996E-01,1
 9.5801E-01,1
 9.5996E-01,1
 9.6094E-01,1
 9.5703E-01,1
 9.5996E-01,1
 9.5605E-01,1
 9.5801E-01,1
 9.5996E-01,1
 9.5996E-01,1
 9.6094E-01,1
 9.5898E-01,1
 9.5996E-01,1
 9.5703E-01,1
 9.5801E-01,1
 9.5996E-01,1
 9.5605E-01,1
 9.5508E-01,1
 9.5508E-01,1
 9.5605E-01,1
 9.5605E-01,1
 9.5508E-01,1
 9.5313E-01,1
 9.5801E-01,1
 9.5605E-01,1
 9.5313E-01,1
 9.4922E-01,1
 9.5410E-01,1
 9.5117E-01,1
 9.5020E-01,1
 9.5410E-01,1
 9.5313E-01,1
 9.4922E-01,1
 9.4922E-01,1
 9.4727E-01,1
 9.4824E-01,1
 9.4434E-01,1
 9.4043E-01,1
 9.4141E-01,1
 9.4141E-01,1
 9.3750E-01,1
 9.3848E-01,1
 9.4336E-01,1
 9.4141E-01,1
 9.4043E-01,1
 9.3750E-01,1
 9.3750E-01,1
 9.3262E-01,1
 9.3359E-01,1
