 1.0645E+00,3,1,1,11-21-17,16:27:47
 1.0654E+00,1
 1.0654E+00,1
 1.0654E+00,1
 1.0654E+00,1
 1.0635E+00,1
 1.0645E+00,1
 1.0625E+00,1
 1.0615E+00,1
 1.0635E+00,1
 1.0576E+00,1
 1.0576E+00,1
 1.0625E+00,1
 1.0615E+00,1
 1.0615E+00,1
 1.0596E+00,1
 1.0615E+00,1
 1.0625E+00,1
 1.0596E+00,1
 1.0586E+00,1
 1.0586E+00,1
 1.0586E+00,1
 1.0576E+00,1
 1.0576E+00,1
 1.0625E+00,1
 1.0615E+00,1
 1.0596E+00,1
 1.0576E+00,1
 1.0576E+00,1
 1.0596E+00,1
 1.0586E+00,1
 1.0547E+00,1
 1.0557E+00,1
 1.0566E+00,1
 1.0566E+00,1
 1.0547E+00,1
 1.0557E+00,1
 1.0566E+00,1
 1.0557E+00,1
 1.0557E+00,1
 1.0518E+00,1
 1.0527E+00,1
 1.0537E+00,1
 1.0537E+00,1
 1.0518E+00,1
 1.0527E+00,1
 1.0557E+00,1
 1.0527E+00,1
 1.0498E+00,1
 1.0527E+00,1
 1.0537E+00,1
 1.0508E+00,1
 1.0508E+00,1
 1.0527E+00,1
 1.0547E+00,1
 1.0527E+00,1
 1.0498E+00,1
 1.0518E+00,1
 1.0518E+00,1
 1.0527E+00,1
 1.0498E+00,1
 1.0488E+00,1
 1.0498E+00,1
 1.0498E+00,1
 1.0488E+00,1
 1.0469E+00,1
 1.0469E+00,1
 1.0488E+00,1
 1.0508E+00,1
 1.0479E+00,1
 1.0459E+00,1
 1.0449E+00,1
 1.0449E+00,1
 1.0449E+00,1
 1.0459E+00,1
 1.0479E+00,1
 1.0459E+00,1
 1.0459E+00,1
 1.0439E+00,1
 1.0439E+00,1
 1.0439E+00,1
 1.0449E+00,1
 1.0469E+00,1
 1.0449E+00,1
 1.0449E+00,1
 1.0420E+00,1
 1.0449E+00,1
 1.0430E+00,1
 1.0449E+00,1
 1.0420E+00,1
 1.0430E+00,1
 1.0469E+00,1
 1.0479E+00,1
 1.0430E+00,1
 1.0400E+00,1
 1.0410E+00,1
 1.0400E+00,1
 1.0420E+00,1
 1.0420E+00,1
 1.0430E+00,1
 1.0410E+00,1
 1.0381E+00,1
 1.0400E+00,1
 1.0430E+00,1
 1.0410E+00,1
 1.0361E+00,1
 1.0352E+00,1
 1.0391E+00,1
 1.0400E+00,1
 1.0381E+00,1
 1.0381E+00,1
 1.0410E+00,1
 1.0410E+00,1
 1.0371E+00,1
 1.0361E+00,1
 1.0391E+00,1
 1.0371E+00,1
 1.0352E+00,1
 1.0352E+00,1
 1.0371E+00,1
 1.0381E+00,1
 1.0361E+00,1
 1.0361E+00,1
 1.0391E+00,1
 1.0391E+00,1
 1.0371E+00,1
 1.0313E+00,1
 1.0322E+00,1
 1.0313E+00,1
 1.0322E+00,1
 1.0322E+00,1
 1.0332E+00,1
 1.0352E+00,1
 1.0313E+00,1
 1.0342E+00,1
 1.0371E+00,1
 1.0332E+00,1
 1.0303E+00,1
 1.0322E+00,1
 1.0313E+00,1
 1.0332E+00,1
 1.0313E+00,1
 1.0313E+00,1
 1.0303E+00,1
 1.0303E+00,1
 1.0342E+00,1
 1.0352E+00,1
 1.0322E+00,1
 1.0293E+00,1
 1.0293E+00,1
 1.0313E+00,1
 1.0264E+00,1
 1.0254E+00,1
 1.0293E+00,1
 1.0322E+00,1
 1.0332E+00,1
 1.0273E+00,1
 1.0293E+00,1
 1.0303E+00,1
 1.0283E+00,1
 1.0293E+00,1
 1.0303E+00,1
 1.0313E+00,1
 1.0293E+00,1
 1.0303E+00,1
 1.0332E+00,1
 1.0313E+00,1
 1.0293E+00,1
 1.0303E+00,1
 1.0283E+00,1
 1.0283E+00,1
 1.0273E+00,1
 1.0293E+00,1
 1.0293E+00,1
 1.0283E+00,1
 1.0273E+00,1
 1.0254E+00,1
 1.0273E+00,1
 1.0244E+00,1
 1.0273E+00,1
 1.0283E+00,1
 1.0293E+00,1
 1.0273E+00,1
 1.0254E+00,1
 1.0234E+00,1
 1.0225E+00,1
 1.0254E+00,1
 1.0225E+00,3,2,0,11-21-17,16:30:54,"50UL SUCCINATE"
 1.0215E+00,1
 1.0195E+00,1
 1.0176E+00,1
 1.0195E+00,1
 1.0186E+00,1
 1.0205E+00,1
 1.0215E+00,1
 1.0186E+00,1
 1.0176E+00,1
 1.0166E+00,1
 1.0195E+00,1
 1.0176E+00,1
 1.0137E+00,1
 1.0117E+00,1
 1.0137E+00,1
 1.0146E+00,1
 1.0117E+00,1
 1.0117E+00,1
 1.0166E+00,1
 1.0166E+00,1
 1.0127E+00,1
 1.0117E+00,1
 1.0137E+00,1
 1.0127E+00,1
 1.0117E+00,1
 1.0166E+00,1
 1.0156E+00,1
 1.0146E+00,1
 1.0127E+00,1
 1.0117E+00,1
 1.0098E+00,1
 1.0088E+00,1
 1.0078E+00,1
 1.0107E+00,1
 1.0088E+00,1
 1.0088E+00,1
 1.0137E+00,1
 1.0117E+00,1
 1.0098E+00,1
 1.0098E+00,1
 1.0068E+00,1
 1.0059E+00,1
 1.0029E+00,1
 1.0068E+00,1
 1.0078E+00,1
 1.0078E+00,1
 1.0068E+00,1
 1.0068E+00,1
 1.0088E+00,1
 1.0068E+00,1
 1.0059E+00,1
 1.0039E+00,1
 1.0049E+00,1
 1.0039E+00,1
 1.0039E+00,1
 1.0039E+00,1
 1.0039E+00,1
 1.0039E+00,1
 1.0049E+00,1
 1.0068E+00,1
 1.0039E+00,1
 1.0039E+00,1
 1.0068E+00,1
 1.0039E+00,1
 1.0039E+00,1
 1.0068E+00,1
 1.0088E+00,1
 1.0049E+00,1
 1.0029E+00,1
 1.0020E+00,1
 1.0029E+00,1
 9.9902E-01,1
 9.9902E-01,1
 1.0039E+00,1
 1.0029E+00,1
 1.0020E+00,1
 1.0029E+00,1
 1.0039E+00,1
 1.0010E+00,1
 9.9707E-01,1
 9.9805E-01,1
 1.0000E+00,1
 9.9805E-01,1
 1.0020E+00,1
 1.0059E+00,1
 1.0039E+00,1
 1.0020E+00,1
 1.0029E+00,1
 1.0020E+00,1
 1.0010E+00,1
 1.0020E+00,1
 1.0029E+00,1
 1.0020E+00,1
 1.0010E+00,1
 9.9902E-01,1
 1.0010E+00,1
 1.0010E+00,1
 1.0029E+00,1
 1.0010E+00,1
 1.0000E+00,1
 9.9707E-01,1
 9.9902E-01,1
 1.0000E+00,1
 9.9609E-01,1
 9.9707E-01,1
 9.9707E-01,1
 1.0039E+00,1
 1.0000E+00,1
 9.9609E-01,1
 9.9707E-01,1
 9.9805E-01,1
 9.9609E-01,1
 9.9805E-01,1
 9.9805E-01,1
 9.9805E-01,1
 9.9805E-01,1
 1.0010E+00,1
 1.0020E+00,1
 1.0010E+00,1
 9.9902E-01,1
 9.9902E-01,1
 1.0039E+00,1
 1.0000E+00,1
 9.9902E-01,1
 1.0039E+00,1
 1.0020E+00,1
 1.0010E+00,1
 1.0010E+00,1
 1.0000E+00,1
 9.9805E-01,1
 9.9609E-01,1
 1.0000E+00,1
 9.9609E-01,1
 9.9707E-01,1
 1.0020E+00,1
 1.0010E+00,1
 1.0000E+00,1
 1.0000E+00,1
 1.0010E+00,1
 1.0010E+00,1
 9.9805E-01,1
 9.9902E-01,1
 9.9902E-01,1
 1.0000E+00,1
 9.9902E-01,1
 1.0000E+00,1
 9.9805E-01,1
 1.0000E+00,1
 1.0000E+00,1
 9.9902E-01,1
 9.9805E-01,1
 9.9609E-01,1
 1.0000E+00,1
 9.9707E-01,1
 9.9609E-01,1
 9.9805E-01,1
 9.9902E-01,1
 9.9609E-01,1
 9.9512E-01,1
 9.9805E-01,1
 9.9609E-01,1
 9.9609E-01,1
 1.0000E+00,1
 1.0010E+00,1
 9.9609E-01,1
 9.9707E-01,1
 9.9805E-01,1
 9.9512E-01,1
 9.9316E-01,1
 9.9316E-01,1
 9.9316E-01,1
 9.9316E-01,1
 9.9512E-01,1
 9.9609E-01,1
 9.9414E-01,1
 9.9219E-01,1
 9.9316E-01,1
 9.9316E-01,1
 9.9219E-01,1
 9.9219E-01,1
 9.9609E-01,1
 9.9707E-01,1
 9.9609E-01,1
 9.9414E-01,1
 9.9316E-01,1
 9.9414E-01,1
 9.9219E-01,1
 9.9414E-01,1
 9.9219E-01,1
 9.9414E-01,1
 9.9414E-01,1
 9.9414E-01,1
 9.9609E-01,1
 9.9609E-01,1
 9.9609E-01,1
 9.9414E-01,1
 9.9219E-01,1
 9.9219E-01,1
 9.9219E-01,1
 9.8926E-01,1
 9.9023E-01,1
 9.9609E-01,1
 9.9609E-01,1
 9.9121E-01,1
 9.8926E-01,1
 9.9023E-01,1
 9.9121E-01,1
 9.9121E-01,1
 9.9219E-01,1
 9.9121E-01,1
 9.8926E-01,1
 9.9414E-01,1
 9.9707E-01,1
 9.9023E-01,1
 9.8926E-01,1
 9.9023E-01,1
 9.9023E-01,1
 9.8926E-01,1
 9.9219E-01,1
 9.9219E-01,1
 9.8926E-01,1
 9.9219E-01,1
 9.9121E-01,1
 9.8730E-01,1
 9.9023E-01,1
 9.8926E-01,1
 9.9316E-01,1
 9.9023E-01,1
 9.8828E-01,1
 9.8730E-01,1
 9.8730E-01,1
 9.9023E-01,1
 9.8828E-01,1
 9.8926E-01,1
 9.8633E-01,1
 9.8633E-01,1
 9.8828E-01,1
 9.9023E-01,1
 9.9219E-01,1
 9.9023E-01,1
 9.9023E-01,1
 9.8730E-01,1
 9.8828E-01,1
 9.8730E-01,1
 9.8340E-01,1
 9.8145E-01,1
 9.8535E-01,1
 9.8828E-01,1
 9.8730E-01,1
 9.8730E-01,1
 9.9023E-01,1
 9.9023E-01,1
 9.8438E-01,1
 9.8730E-01,1
 9.8730E-01,1
 9.8340E-01,1
 9.8633E-01,1
 9.8633E-01,1
 9.8633E-01,1
 9.8340E-01,1
 9.8340E-01,1
 9.8242E-01,1
 9.8340E-01,1
 9.8340E-01,1
 9.8535E-01,1
 9.8438E-01,1
 9.8242E-01,1
 9.8828E-01,1
 9.9023E-01,1
 9.8828E-01,1
 9.8535E-01,1
 9.8730E-01,1
 9.8730E-01,1
 9.8926E-01,1
 9.9121E-01,1
 9.8828E-01,1
 9.8730E-01,1
 9.8535E-01,1
 9.8438E-01,1
 9.8242E-01,1
 9.8340E-01,1
 9.8535E-01,1
 9.8438E-01,1
 9.8145E-01,1
 9.8047E-01,1
 9.8047E-01,1
 9.8047E-01,1
 9.8242E-01,1
 9.8047E-01,1
 9.8047E-01,1
 9.8047E-01,1
 9.8145E-01,1
 9.8242E-01,1
 9.8145E-01,1
 9.8242E-01,1
 9.7949E-01,1
 9.8047E-01,1
 9.7754E-01,1
 9.7852E-01,1
 9.7754E-01,1
 9.7852E-01,1
 9.8145E-01,1
 9.8145E-01,1
 9.8047E-01,1
 9.8438E-01,1
 9.8438E-01,1
 9.7656E-01,1
 9.7461E-01,1
 9.7461E-01,1
 9.7168E-01,1
 9.7070E-01,1
 9.7266E-01,1
 9.7461E-01,1
 9.7266E-01,1
 9.7266E-01,1
 9.7363E-01,1
 9.6973E-01,1
 9.6582E-01,1
 9.4238E-01,1
 8.8672E-01,1
 8.3203E-01,1
 7.9102E-01,1
 7.4414E-01,1
 7.0215E-01,1
 6.6406E-01,1
 6.2598E-01,1
 5.9570E-01,1
 5.7031E-01,1
 5.4883E-01,1
 5.3320E-01,1
 5.1855E-01,1
 5.0488E-01,1
 4.8926E-01,1
 4.8047E-01,1
 4.7461E-01,1
 4.6582E-01,1
 4.6191E-01,1
 4.5801E-01,1
 4.5605E-01,1
 4.5117E-01,1
 4.5020E-01,1
 4.4629E-01,1
 4.4336E-01,1
 4.4043E-01,1
 4.4043E-01,1
 4.3652E-01,1
 4.3750E-01,1
 4.3652E-01,1
 4.3262E-01,1
 4.3164E-01,1
 4.3066E-01,1
 4.2773E-01,1
 4.2578E-01,1
 4.2285E-01,1
 4.2188E-01,1
 4.1992E-01,1
 4.1895E-01,1
 4.1992E-01,1
 4.1699E-01,1
 4.1504E-01,1
 4.1504E-01,1
 4.1504E-01,1
 4.1113E-01,1
 4.1309E-01,1
 4.1309E-01,1
 4.1113E-01,1
 4.0918E-01,1
 4.1016E-01,1
 4.0820E-01,1
 4.0625E-01,1
 4.0820E-01,1
 4.0527E-01,1
 4.0527E-01,1
 4.0332E-01,1
 4.0332E-01,1
 4.0332E-01,1
 4.0332E-01,1
 4.0234E-01,1
 3.9941E-01,1
 3.9941E-01,1
 4.0039E-01,1
 3.9844E-01,1
 3.9844E-01,1
 3.9746E-01,1
 3.9648E-01,1
 3.9453E-01,1
 3.9648E-01,1
 3.9160E-01,1
 3.9063E-01,1
 3.9063E-01,1
 3.9160E-01,1
 3.9160E-01,1
 3.9063E-01,1
 3.8965E-01,1
 3.8867E-01,1
 3.8672E-01,1
 3.8770E-01,1
 3.8379E-01,1
 3.8184E-01,1
 3.8184E-01,1
 3.8379E-01,1
 3.8281E-01,1
 3.8086E-01,1
 3.8184E-01,1
 3.8086E-01,1
 3.7891E-01,1
 3.7891E-01,1
 3.8086E-01,1
 3.7695E-01,1
 3.7695E-01,1
 3.7891E-01,1
 3.7598E-01,1
 3.7402E-01,1
 3.7500E-01,1
 3.7305E-01,1
 3.7305E-01,1
 3.7402E-01,1
 3.7109E-01,1
 3.7207E-01,1
 3.7207E-01,1
 3.7109E-01,1
 3.7012E-01,1
 3.6816E-01,1
 3.6816E-01,1
 3.6816E-01,1
 3.6719E-01,1
 3.6621E-01,1
 3.6523E-01,1
 3.6523E-01,1
 3.6328E-01,1
 3.6133E-01,1
 3.6133E-01,1
 3.6328E-01,1
 3.6133E-01,1
 3.5840E-01,1
 3.5547E-01,1
 3.5645E-01,1
 3.5547E-01,1
 3.5742E-01,1
 3.5742E-01,1
 3.5742E-01,1
 3.5645E-01,1
 3.5645E-01,1
 3.5938E-01,1
-6.6406E-02,1
-5.2734E-02,1
-4.3945E-02,1
-3.9063E-02,1
-3.1250E-02,1
-2.5391E-02,1
-1.8555E-02,1
-1.6602E-02,1
-1.1719E-02,1
-9.7656E-03,1
-5.8594E-03,1
-1.9531E-03,1
-9.7656E-04,1
-1.9531E-03,1
-1.9531E-03,1
 1.9531E-03,1
 9.7656E-04,1
 1.9531E-03,1
 0.0000E+00,1
 1.9531E-03,1
 1.9531E-03,1
 4.8828E-03,1
 4.8828E-03,1
 4.8828E-03,1
 3.9063E-03,1
 6.8359E-03,1
 4.8828E-03,1
 3.9063E-03,1
 3.9063E-03,1
 5.8594E-03,1
 3.9063E-03,1
 4.8828E-03,1
 5.8594E-03,1
 6.8359E-03,1
 4.8828E-03,1
 5.8594E-03,1
 6.8359E-03,1
 4.8828E-03,1
 4.8828E-03,1
 6.8359E-03,1
 5.8594E-03,1
 3.9063E-03,1
 5.8594E-03,1
 7.8125E-03,1
 6.8359E-03,1
 6.8359E-03,1
 5.8594E-03,1
 6.8359E-03,1
 6.8359E-03,1
 7.8125E-03,1
 6.8359E-03,1
 6.8359E-03,1
 5.8594E-03,1
 3.9063E-03,1
 5.8594E-03,1
 8.7891E-03,1
 5.8594E-03,1
 4.8828E-03,1
 5.8594E-03,1
 7.8125E-03,1
 5.8594E-03,1
 7.8125E-03,1
 4.8828E-03,1
 3.9063E-03,1
 6.8359E-03,1
 4.8828E-03,1
 4.8828E-03,1
 6.8359E-03,1
 3.9063E-03,1
 4.8828E-03,1
 4.8828E-03,1
 7.8125E-03,1
 4.8828E-03,1
 5.8594E-03,1
 2.9297E-03,1
 3.9063E-03,1
 6.8359E-03,1
 4.8828E-03,1
 5.8594E-03,1
 9.7656E-03,1
 7.8125E-03,1
 6.8359E-03,1
 6.8359E-03,1
 6.8359E-03,1
 4.8828E-03,1
 8.7891E-03,1
 7.8125E-03,1
 7.8125E-03,1
 7.8125E-03,1
 6.8359E-03,1
 4.8828E-03,1
 3.9063E-03,1
 3.9063E-03,1
 3.9063E-03,1
 7.8125E-03,1
 9.7656E-03,1
 8.7891E-03,1
 5.8594E-03,1
 4.8828E-03,1
 5.8594E-03,1
 6.8359E-03,1
 6.8359E-03,1
 3.9063E-03,1
 6.8359E-03,1
 8.7891E-03,1
 6.8359E-03,1
 8.7891E-03,1
 4.8828E-03,1
 4.8828E-03,1
 6.8359E-03,1
 6.8359E-03,1
 4.8828E-03,1
 6.8359E-03,1
 7.8125E-03,1
 4.8828E-03,1
 7.8125E-03,1
 9.7656E-03,1
 7.8125E-03,1
 5.8594E-03,1
 3.9063E-03,1
 6.8359E-03,1
 4.8828E-03,1
 5.8594E-03,1
 6.8359E-03,1
 3.9063E-03,1
 5.8594E-03,1
 5.8594E-03,1
 6.8359E-03,1
 7.8125E-03,1
 5.8594E-03,1
 5.8594E-03,1
 8.7891E-03,1
 1.0742E-02,1
 7.8125E-03,1
 7.8125E-03,1
 6.8359E-03,1
 4.8828E-03,1
 6.8359E-03,1
 6.8359E-03,1
 5.8594E-03,1
 4.8828E-03,1
 4.8828E-03,1
 7.8125E-03,1
 5.8594E-03,1
 4.8828E-03,1
 7.8125E-03,1
 6.8359E-03,1
 3.9063E-03,1
 3.9063E-03,1
 8.7891E-03,1
 6.8359E-03,1
 5.8594E-03,1
 6.8359E-03,1
 6.8359E-03,1
 4.8828E-03,1
 7.8125E-03,1
 5.8594E-03,1
 5.8594E-03,1
 7.8125E-03,1
 6.8359E-03,1
 4.8828E-03,1
 5.8594E-03,1
 5.8594E-03,1
 5.8594E-03,1
 7.8125E-03,1
 6.8359E-03,1
 6.8359E-03,1
 5.8594E-03,1
 5.8594E-03,1
 4.8828E-03,1
 7.8125E-03,1
 4.8828E-03,1
 3.9063E-03,1
 6.8359E-03,1
 5.8594E-03,1
 2.9297E-03,1
 5.8594E-03,1
 4.8828E-03,1
 6.8359E-03,1
 8.7891E-03,1
 6.8359E-03,1
 5.8594E-03,1
 7.8125E-03,1
 6.8359E-03,1
 4.8828E-03,1
 6.8359E-03,1
 5.8594E-03,1
 4.8828E-03,1
 8.7891E-03,1
 6.8359E-03,1
 6.8359E-03,1
 7.8125E-03,1
 6.8359E-03,1
 6.8359E-03,1
 7.8125E-03,1
 5.8594E-03,1
 4.8828E-03,1
 7.8125E-03,1
 3.9063E-03,1
 3.9063E-03,1
 6.8359E-03,1
 5.8594E-03,1
 7.8125E-03,1
 8.7891E-03,1
 7.8125E-03,1
 2.9297E-03,1
 4.8828E-03,1
 4.8828E-03,1
 5.8594E-03,1
 5.8594E-03,1
 4.8828E-03,1
 7.8125E-03,1
 7.8125E-03,1
 6.8359E-03,1
 7.8125E-03,1
 5.8594E-03,1
 3.9063E-03,1
 4.8828E-03,1
 6.8359E-03,1
 8.7891E-03,1
 6.8359E-03,1
 4.8828E-03,1
 5.8594E-03,1
 4.8828E-03,1
 6.8359E-03,1
 3.9063E-03,1
 5.8594E-03,1
 7.8125E-03,1
 7.8125E-03,1
 6.8359E-03,1
 5.8594E-03,1
 3.9063E-03,1
 6.8359E-03,1
 6.8359E-03,1
 5.8594E-03,1
 7.8125E-03,1
 7.8125E-03,1
 5.8594E-03,1
 6.8359E-03,1
 6.8359E-03,1
 4.8828E-03,1
 6.8359E-03,1
 7.8125E-03,1
 5.8594E-03,1
 6.8359E-03,1
 6.8359E-03,1
 4.8828E-03,1
 6.8359E-03,1
 6.8359E-03,1
 3.9063E-03,1
 7.8125E-03,1
 6.8359E-03,1
 6.8359E-03,1
 6.8359E-03,1
 8.7891E-03,1
 6.8359E-03,1
 6.8359E-03,1
 4.8828E-03,1
 4.8828E-03,1
 7.8125E-03,1
 6.8359E-03,1
 4.8828E-03,1
 5.8594E-03,1
 6.8359E-03,1
 8.7891E-03,1
 6.8359E-03,1
 6.8359E-03,1
 5.8594E-03,1
 4.8828E-03,1
 4.8828E-03,1
 6.8359E-03,1
 8.7891E-03,1
 4.8828E-03,1
 6.8359E-03,1
 4.8828E-03,1
 6.8359E-03,1
 7.8125E-03,1
 2.9297E-03,1
 6.8359E-03,1
 8.7891E-03,1
 3.9063E-03,1
 4.8828E-03,1
 4.8828E-03,1
 3.9063E-03,1
 7.8125E-03,1
 7.8125E-03,1
 4.8828E-03,1
 7.8125E-03,1
 5.8594E-03,1
 3.9063E-03,1
 1.9531E-03,1
 2.9297E-03,1
 4.8828E-03,1
 5.8594E-03,1
 6.8359E-03,1
 9.7656E-03,1
 6.8359E-03,1
 4.8828E-03,1
 6.8359E-03,1
 5.8594E-03,1
 3.9063E-03,1
 6.8359E-03,1
 4.8828E-03,1
 6.8359E-03,1
 7.8125E-03,1
 4.8828E-03,1
 3.9063E-03,1
 9.7656E-03,1
 7.8125E-03,1
 6.8359E-03,1
 7.8125E-03,1
 6.8359E-03,1
 4.8828E-03,1
 5.8594E-03,1
 6.8359E-03,1
 4.8828E-03,1
 5.8594E-03,1
 8.7891E-03,1
 8.7891E-03,1
 4.8828E-03,1
 2.9297E-03,1
 4.8828E-03,1
 6.8359E-03,1
 1.0742E-02,1
 7.8125E-03,1
 4.8828E-03,1
 3.9063E-03,1
 3.9063E-03,1
 4.8828E-03,1
 5.8594E-03,1
 6.8359E-03,1
 6.8359E-03,1
 8.7891E-03,1
 7.8125E-03,1
 6.8359E-03,1
 4.8828E-03,1
 3.9063E-03,1
 4.8828E-03,1
 6.8359E-03,1
 6.8359E-03,1
 7.8125E-03,1
 5.8594E-03,1
 6.8359E-03,1
 5.8594E-03,1
 5.8594E-03,1
 3.9063E-03,1
 7.8125E-03,1
 6.8359E-03,1
 5.8594E-03,1
 4.8828E-03,1
 3.9063E-03,1
 4.8828E-03,1
 7.8125E-03,1
 1.0742E-02,1
 4.8828E-03,1
 2.9297E-03,1
 7.8125E-03,1
 3.9063E-03,1
 6.8359E-03,1
 8.7891E-03,1
 7.8125E-03,1
 6.8359E-03,1
 6.8359E-03,1
 2.9297E-03,1
 6.8359E-03,1
 9.7656E-03,1
 6.8359E-03,1
 8.7891E-03,1
 8.7891E-03,1
 3.9063E-03,1
 2.9297E-03,1
 6.8359E-03,1
 4.8828E-03,1
 6.8359E-03,1
 6.8359E-03,1
 6.8359E-03,1
 8.7891E-03,1
 8.7891E-03,1
 6.8359E-03,1
 4.8828E-03,1
 2.9297E-03,1
 5.8594E-03,1
 8.7891E-03,1
 5.8594E-03,1
 6.8359E-03,1
 6.8359E-03,1
 5.8594E-03,1
 7.8125E-03,1
 8.7891E-03,1
 7.8125E-03,1
 6.8359E-03,1
 5.8594E-03,1
 4.8828E-03,1
 4.8828E-03,1
 8.7891E-03,1
 4.8828E-03,1
 4.8828E-03,1
 4.8828E-03,1
 6.8359E-03,1
 6.8359E-03,1
 6.8359E-03,1
 6.8359E-03,1
 8.7891E-03,1
 8.7891E-03,1
 4.8828E-03,1
 7.8125E-03,1
 4.8828E-03,1
 7.8125E-03,1
 6.8359E-03,1
 4.8828E-03,1
 4.8828E-03,1
 5.8594E-03,1
 8.7891E-03,1
 6.8359E-03,1
 5.8594E-03,1
 4.8828E-03,1
 5.8594E-03,1
 8.7891E-03,1
 8.7891E-03,1
 7.8125E-03,1
 5.8594E-03,1
 5.8594E-03,1
 7.8125E-03,1
 6.8359E-03,1
 5.8594E-03,1
 6.8359E-03,1
 6.8359E-03,1
 6.8359E-03,1
 4.8828E-03,1
 4.8828E-03,1
 6.8359E-03,1
 5.8594E-03,1
 7.8125E-03,1
 8.7891E-03,1
 7.8125E-03,1
 4.8828E-03,1
 7.8125E-03,1
 7.8125E-03,1
 7.8125E-03,1
 6.8359E-03,1
 5.8594E-03,1
 6.8359E-03,1
 9.7656E-03,1
 6.8359E-03,1
 4.8828E-03,1
 6.8359E-03,1
 3.9063E-03,1
 8.7891E-03,1
 9.7656E-03,1
 7.8125E-03,1
 4.8828E-03,1
 6.8359E-03,1
 4.8828E-03,1
 8.7891E-03,1
 7.8125E-03,1
 6.8359E-03,1
 1.0742E-02,1
 6.8359E-03,1
 3.9063E-03,1
 6.8359E-03,1
 3.9063E-03,1
 6.8359E-03,1
 8.7891E-03,1
 6.8359E-03,1
 7.8125E-03,1
 6.8359E-03,1
 6.8359E-03,1
 7.8125E-03,1
 6.8359E-03,1
 5.8594E-03,1
 7.8125E-03,1
 6.8359E-03,1
 4.8828E-03,1
 8.7891E-03,1
 6.8359E-03,1
 4.8828E-03,1
 6.8359E-03,1
 8.7891E-03,1
 7.8125E-03,1
 7.8125E-03,1
 4.8828E-03,1
 5.8594E-03,1
 6.8359E-03,1
 5.8594E-03,1
 5.8594E-03,1
 7.8125E-03,1
 6.8359E-03,1
 7.8125E-03,1
 7.8125E-03,1
 4.8828E-03,1
 5.8594E-03,1
 9.7656E-03,1
 7.8125E-03,1
 7.8125E-03,1
 7.8125E-03,1
 6.8359E-03,1
 4.8828E-03,1
 4.8828E-03,1
 6.8359E-03,1
 5.8594E-03,1
 3.9063E-03,1
 5.8594E-03,1
 6.8359E-03,1
 5.8594E-03,1
 8.7891E-03,1
 6.8359E-03,1
 6.8359E-03,1
 5.8594E-03,1
 4.8828E-03,1
 7.8125E-03,1
 7.8125E-03,1
 4.8828E-03,1
 3.9063E-03,1
 4.8828E-03,1
 7.8125E-03,1
 7.8125E-03,1
 6.8359E-03,1
 6.8359E-03,1
 8.7891E-03,1
 6.8359E-03,1
 6.8359E-03,1
 4.8828E-03,1
 4.8828E-03,1
 8.7891E-03,1
 8.7891E-03,1
 6.8359E-03,1
 6.8359E-03,1
 7.8125E-03,1
 8.7891E-03,1
 8.7891E-03,1
 4.8828E-03,1
 4.8828E-03,1
 6.8359E-03,1
 6.8359E-03,1
 9.7656E-03,1
 5.8594E-03,1
 7.8125E-03,1
 6.8359E-03,1
 6.8359E-03,1
 7.8125E-03,1
 6.8359E-03,1
 6.8359E-03,1
 6.8359E-03,1
 7.8125E-03,1
 4.8828E-03,1
 6.8359E-03,1
 6.8359E-03,1
 8.7891E-03,1
 6.8359E-03,1
 6.8359E-03,1
 6.8359E-03,1
 7.8125E-03,1
 4.8828E-03,1
 7.8125E-03,1
 4.8828E-03,1
 7.8125E-03,1
 7.8125E-03,1
 3.9063E-03,1
 4.8828E-03,1
 5.8594E-03,1
 7.8125E-03,1
 3.9063E-03,1
 3.9063E-03,1
 3.9063E-03,1
 6.8359E-03,1
 5.8594E-03,1
 5.8594E-03,1
 5.8594E-03,1
 6.8359E-03,1
 4.8828E-03,1
 6.8359E-03,1
 5.8594E-03,1
 4.8828E-03,1
 5.8594E-03,1
 6.8359E-03,1
 6.8359E-03,1
 6.8359E-03,1
 6.8359E-03,1
 6.8359E-03,1
 4.8828E-03,1
 6.8359E-03,1
 6.8359E-03,1
 7.8125E-03,1
 7.8125E-03,1
 6.8359E-03,1
 4.8828E-03,1
 5.8594E-03,1
 4.8828E-03,1
 6.8359E-03,1
 8.7891E-03,1
 5.8594E-03,1
 5.8594E-03,1
 5.8594E-03,1
 6.8359E-03,1
 7.8125E-03,1
 5.8594E-03,1
 9.7656E-03,1
 7.8125E-03,1
 2.9297E-03,1
 6.8359E-03,1
 5.8594E-03,1
 6.8359E-03,1
 6.8359E-03,1
 5.8594E-03,1
 7.8125E-03,1
 4.8828E-03,1
 1.9531E-03,1
 5.8594E-03,1
 6.8359E-03,1
 7.8125E-03,1
 9.7656E-03,1
 8.7891E-03,1
 6.8359E-03,1
 5.8594E-03,1
 7.8125E-03,1
 4.8828E-03,1
 3.9063E-03,1
 5.8594E-03,1
 6.8359E-03,1
 5.8594E-03,1
 7.8125E-03,1
 6.8359E-03,1
 5.8594E-03,1
 6.8359E-03,1
 5.8594E-03,1
 6.8359E-03,1
 7.8125E-03,1
 9.7656E-03,1
 9.7656E-03,1
 6.8359E-03,1
 3.9063E-03,1
 4.8828E-03,1
 7.8125E-03,1
 8.7891E-03,1
 7.8125E-03,1
 6.8359E-03,1
 4.8828E-03,1
 5.8594E-03,1
 3.9063E-03,1
 3.9063E-03,1
 8.7891E-03,1
 6.8359E-03,1
 5.8594E-03,1
 5.8594E-03,1
 4.8828E-03,1
 5.8594E-03,1
 7.8125E-03,1
 6.8359E-03,1
 5.8594E-03,1
 5.8594E-03,1
 5.8594E-03,1
 5.8594E-03,1
 5.8594E-03,1
 7.8125E-03,1
 9.7656E-03,1
 8.7891E-03,1
 4.8828E-03,1
 4.8828E-03,1
 6.8359E-03,1
 6.8359E-03,1
 7.8125E-03,1
 4.8828E-03,1
 6.8359E-03,1
 8.7891E-03,1
 7.8125E-03,1
 6.8359E-03,1
 7.8125E-03,1
 3.9063E-03,1
 4.8828E-03,1
 6.8359E-03,1
 5.8594E-03,1
 5.8594E-03,1
 5.8594E-03,1
 6.8359E-03,1
 6.8359E-03,1
 4.8828E-03,1
 7.8125E-03,1
 6.8359E-03,1
 2.9297E-03,1
 5.8594E-03,1
 3.9063E-03,1
 6.8359E-03,1
 5.8594E-03,1
 3.9063E-03,1
 5.8594E-03,1
 5.8594E-03,1
 4.8828E-03,1
 3.9063E-03,1
 5.8594E-03,1
 6.8359E-03,1
 3.9063E-03,1
 4.8828E-03,1
 4.8828E-03,1
 4.8828E-03,1
 8.7891E-03,1
 6.8359E-03,1
 5.8594E-03,1
 4.8828E-03,1
 6.8359E-03,1
 7.8125E-03,1
 6.8359E-03,1
 6.8359E-03,1
 7.8125E-03,1
 7.8125E-03,1
 7.8125E-03,1
 5.8594E-03,1
 4.8828E-03,1
 7.8125E-03,1
 6.8359E-03,1
 6.8359E-03,1
 6.8359E-03,1
 7.8125E-03,1
 5.8594E-03,1
 5.8594E-03,1
 6.8359E-03,1
 6.8359E-03,1
 6.8359E-03,1
 7.8125E-03,1
 5.8594E-03,1
 5.8594E-03,1
 6.8359E-03,1
 7.8125E-03,1
 8.7891E-03,1
 6.8359E-03,1
 7.8125E-03,1
 6.8359E-03,1
 7.8125E-03,1
 7.8125E-03,1
 6.8359E-03,1
 8.7891E-03,1
 5.8594E-03,1
 5.8594E-03,1
 5.8594E-03,1
 5.8594E-03,1
 8.7891E-03,1
 6.8359E-03,1
 6.8359E-03,1
 6.8359E-03,1
 3.9063E-03,1
 3.9063E-03,1
 3.9063E-03,1
 5.8594E-03,1
 4.8828E-03,1
 4.8828E-03,1
 5.8594E-03,1
 6.8359E-03,1
 8.7891E-03,1
 9.7656E-03,1
 5.8594E-03,1
 6.8359E-03,1
 4.8828E-03,1
 7.8125E-03,1
 5.8594E-03,1
 5.8594E-03,1
 4.8828E-03,1
 6.8359E-03,1
 5.8594E-03,1
 6.8359E-03,1
 6.8359E-03,1
 6.8359E-03,1
 3.9063E-03,1
 8.7891E-03,1
 6.8359E-03,1
 4.8828E-03,1
 5.8594E-03,1
 5.8594E-03,1
 9.7656E-03,1
 5.8594E-03,1
 8.7891E-03,1
 8.7891E-03,1
 5.8594E-03,1
 7.8125E-03,1
 5.8594E-03,1
 6.8359E-03,1
 4.8828E-03,1
 6.8359E-03,1
 5.8594E-03,1
 6.8359E-03,1
 6.8359E-03,1
 6.8359E-03,1
 5.8594E-03,1
 6.8359E-03,1
 8.7891E-03,1
 7.8125E-03,1
 7.8125E-03,1
 4.8828E-03,1
 7.8125E-03,1
 6.8359E-03,1
 4.8828E-03,1
 3.9063E-03,1
 6.8359E-03,1
 7.8125E-03,1
 6.8359E-03,1
 5.8594E-03,1
 6.8359E-03,1
 7.8125E-03,1
 7.8125E-03,1
 3.9063E-03,1
 5.8594E-03,1
 5.8594E-03,1
 7.8125E-03,1
 8.7891E-03,1
 4.8828E-03,1
 6.8359E-03,1
 7.8125E-03,1
 6.8359E-03,1
 6.8359E-03,1
 5.8594E-03,1
 6.8359E-03,1
 2.9297E-03,1
 7.8125E-03,1
 5.8594E-03,1
 7.8125E-03,1
 7.8125E-03,1
 8.7891E-03,1
 8.7891E-03,1
 6.8359E-03,1
 7.8125E-03,1
 6.8359E-03,1
 6.8359E-03,1
 6.8359E-03,1
 6.8359E-03,1
 4.8828E-03,1
 6.8359E-03,1
 6.8359E-03,1
 6.8359E-03,1
 6.8359E-03,1
 5.8594E-03,1
 7.8125E-03,1
 7.8125E-03,1
 5.8594E-03,1
 5.8594E-03,1
 6.8359E-03,1
 8.7891E-03,1
 8.7891E-03,1
 6.8359E-03,1
 5.8594E-03,1
 6.8359E-03,1
 5.8594E-03,1
 9.7656E-03,1
 6.8359E-03,1
 4.8828E-03,1
 5.8594E-03,1
 6.8359E-03,1
 5.8594E-03,1
 3.9063E-03,1
 8.7891E-03,1
 4.8828E-03,1
 3.9063E-03,1
 6.8359E-03,1
 4.8828E-03,1
 8.7891E-03,1
 6.8359E-03,1
 7.8125E-03,1
 7.8125E-03,1
 7.8125E-03,1
 7.8125E-03,1
 4.8828E-03,1
 7.8125E-03,1
 7.8125E-03,1
 8.7891E-03,1
 5.8594E-03,1
 6.8359E-03,1
 6.8359E-03,1
 7.8125E-03,1
 6.8359E-03,1
 3.9063E-03,1
 6.8359E-03,1
 5.8594E-03,1
 4.8828E-03,1
 3.9063E-03,1
 6.8359E-03,1
 8.7891E-03,1
 7.8125E-03,1
 3.9063E-03,1
 3.9063E-03,1
 6.8359E-03,1
 7.8125E-03,1
 7.8125E-03,1
 4.8828E-03,1
 5.8594E-03,1
 4.8828E-03,1
 3.9063E-03,1
 4.8828E-03,1
 5.8594E-03,1
 4.8828E-03,1
 6.8359E-03,1
 3.9063E-03,1
 6.8359E-03,1
 3.9063E-03,1
 8.7891E-03,1
 8.7891E-03,1
 5.8594E-03,1
 6.8359E-03,1
 3.9063E-03,1
 4.8828E-03,1
 4.8828E-03,1
 5.8594E-03,1
 4.8828E-03,1
 9.7656E-04,1
 4.8828E-03,1
 4.8828E-03,1
 7.8125E-03,1
 7.8125E-03,1
 6.8359E-03,1
 5.8594E-03,1
 3.9063E-03,1
 6.8359E-03,1
 6.8359E-03,1
 5.8594E-03,1
 5.8594E-03,1
 5.8594E-03,1
 6.8359E-03,1
 4.8828E-03,1
 5.8594E-03,1
 4.8828E-03,1
 4.8828E-03,1
 7.8125E-03,1
 4.8828E-03,1
 4.8828E-03,1
 6.8359E-03,1
 3.9063E-03,1
 6.8359E-03,1
 6.8359E-03,1
 6.8359E-03,1
 6.8359E-03,1
 3.9063E-03,1
 4.8828E-03,1
 4.8828E-03,1
 5.8594E-03,1
 6.8359E-03,1
 4.8828E-03,1
 7.8125E-03,1
 5.8594E-03,1
 7.8125E-03,1
 7.8125E-03,1
 5.8594E-03,1
 8.7891E-03,1
 4.8828E-03,1
 3.9063E-03,1
 5.8594E-03,1
 3.9063E-03,1
 7.8125E-03,1
 6.8359E-03,1
 6.8359E-03,1
 5.8594E-03,1
 3.9063E-03,1
 4.8828E-03,1
 4.8828E-03,1
 6.8359E-03,1
 8.7891E-03,1
 6.8359E-03,1
 7.8125E-03,1
 4.8828E-03,1
 8.7891E-03,1
 8.7891E-03,1
 5.8594E-03,1
 6.8359E-03,1
 4.8828E-03,1
 5.8594E-03,1
 8.7891E-03,1
 4.8828E-03,1
 4.8828E-03,1
 6.8359E-03,1
 6.8359E-03,1
 5.8594E-03,1
 2.9297E-03,1
 6.8359E-03,1
 6.8359E-03,1
 8.7891E-03,1
 6.8359E-03,1
 4.8828E-03,1
 4.8828E-03,1
 2.9297E-03,1
 4.8828E-03,1
 4.8828E-03,1
 4.8828E-03,1
 6.8359E-03,1
 6.8359E-03,1
 3.9063E-03,1
 4.8828E-03,1
 2.9297E-03,1
 9.7656E-03,1
 7.8125E-03,1
 2.9297E-03,1
 6.8359E-03,1
 5.8594E-03,1
 7.8125E-03,1
 7.8125E-03,1
 4.8828E-03,1
 7.8125E-03,1
 7.8125E-03,1
 2.9297E-03,1
 6.8359E-03,1
 3.9063E-03,1
 6.8359E-03,1
 6.8359E-03,1
 3.9063E-03,1
 4.8828E-03,1
 7.8125E-03,1
 5.8594E-03,1
 5.8594E-03,1
 6.8359E-03,1
 5.8594E-03,1
 6.8359E-03,1
 5.8594E-03,1
 6.8359E-03,1
 2.9297E-03,1
 4.8828E-03,1
 7.8125E-03,1
 6.8359E-03,1
 8.7891E-03,1
 6.8359E-03,1
 3.9063E-03,1
 4.8828E-03,1
 5.8594E-03,1
 4.8828E-03,1
 6.8359E-03,1
 5.8594E-03,1
 4.8828E-03,1
 6.8359E-03,1
 4.8828E-03,1
 8.7891E-03,1
 7.8125E-03,1
 4.8828E-03,1
 5.8594E-03,1
 6.8359E-03,1
 6.8359E-03,1
 7.8125E-03,1
 4.8828E-03,1
 8.7891E-03,1
 3.9063E-03,1
 2.9297E-03,1
 5.8594E-03,1
 4.8828E-03,1
 9.7656E-03,1
 6.8359E-03,1
 4.8828E-03,1
 7.8125E-03,1
 5.8594E-03,1
 4.8828E-03,1
 4.8828E-03,1
 4.8828E-03,1
 9.7656E-03,1
 6.8359E-03,1
 2.9297E-03,1
 7.8125E-03,1
 4.8828E-03,1
 5.8594E-03,1
 8.7891E-03,1
 4.8828E-03,1
 5.8594E-03,1
 7.8125E-03,1
 3.9063E-03,1
 5.8594E-03,1
 5.8594E-03,1
 5.8594E-03,1
 9.7656E-03,1
 5.8594E-03,1
 3.9063E-03,1
 7.8125E-03,1
 5.8594E-03,1
 7.8125E-03,1
 6.8359E-03,1
 4.8828E-03,1
 6.8359E-03,1
 4.8828E-03,1
 3.9063E-03,1
 8.7891E-03,1
 5.8594E-03,1
 6.8359E-03,1
 7.8125E-03,1
 3.9063E-03,1
 3.9063E-03,1
 4.8828E-03,1
 6.8359E-03,1
 7.8125E-03,1
 6.8359E-03,1
 3.9063E-03,1
 3.9063E-03,1
 3.9063E-03,1
 6.8359E-03,1
 8.7891E-03,1
 5.8594E-03,1
 5.8594E-03,1
 4.8828E-03,1
 3.9063E-03,1
 5.8594E-03,1
 5.8594E-03,1
 7.8125E-03,1
 8.7891E-03,1
 7.8125E-03,1
 3.9063E-03,1
 2.9297E-03,1
 3.9063E-03,1
 7.8125E-03,1
 7.8125E-03,1
 5.8594E-03,1
 7.8125E-03,1
 5.8594E-03,1
 1.9531E-03,1
 4.8828E-03,1
 4.8828E-03,1
 6.8359E-03,1
 7.8125E-03,1
 2.9297E-03,1
 5.8594E-03,1
 3.9063E-03,1
 2.9297E-03,1
 7.8125E-03,1
 6.8359E-03,1
 4.8828E-03,1
 7.8125E-03,1
 5.8594E-03,1
 6.8359E-03,1
 6.8359E-03,1
 2.9297E-03,1
 6.8359E-03,1
 5.8594E-03,1
 5.8594E-03,1
 4.8828E-03,1
 5.8594E-03,1
 4.8828E-03,1
 6.8359E-03,1
 5.8594E-03,1
 5.8594E-03,1
 6.8359E-03,1
 6.8359E-03,1
 5.8594E-03,1
 4.8828E-03,1
 3.9063E-03,1
 4.8828E-03,1
 9.7656E-03,1
 5.8594E-03,1
 3.9063E-03,1
 5.8594E-03,1
 3.9063E-03,1
 5.8594E-03,1
 6.8359E-03,1
 4.8828E-03,1
 7.8125E-03,1
 6.8359E-03,1
 4.8828E-03,1
 5.8594E-03,1
 3.9063E-03,1
 5.8594E-03,1
 7.8125E-03,1
 5.8594E-03,1
 4.8828E-03,1
 5.8594E-03,1
 4.8828E-03,1
 4.8828E-03,1
 7.8125E-03,1
 5.8594E-03,1
 7.8125E-03,1
 5.8594E-03,1
 3.9063E-03,1
 7.8125E-03,1
 3.9063E-03,1
 6.8359E-03,1
 7.8125E-03,1
 2.9297E-03,1
 3.9063E-03,1
 5.8594E-03,1
 6.8359E-03,1
 7.8125E-03,1
 4.8828E-03,1
 4.8828E-03,1
 5.8594E-03,1
 3.9063E-03,1
 6.8359E-03,1
 4.8828E-03,1
 5.8594E-03,1
 8.7891E-03,1
 6.8359E-03,1
 4.8828E-03,1
 6.8359E-03,1
 4.8828E-03,1
 6.8359E-03,1
 7.8125E-03,1
 4.8828E-03,1
 7.8125E-03,1
 6.8359E-03,1
 3.9063E-03,1
 6.8359E-03,1
 4.8828E-03,1
 5.8594E-03,1
 4.8828E-03,1
 8.7891E-03,1
 3.9063E-03,1
 4.8828E-03,1
 3.9063E-03,1
 4.8828E-03,1
 5.8594E-03,1
 6.8359E-03,1
 5.8594E-03,1
 5.8594E-03,1
 5.8594E-03,1
 5.8594E-03,1
 3.9063E-03,1
 2.9297E-03,1
 5.8594E-03,1
 6.8359E-03,1
 4.8828E-03,1
 4.8828E-03,1
 4.8828E-03,1
 4.8828E-03,1
 5.8594E-03,1
 3.9063E-03,1
 5.8594E-03,1
 7.8125E-03,1
 5.8594E-03,1
 3.9063E-03,1
 2.9297E-03,1
 6.8359E-03,1
 5.8594E-03,1
 4.8828E-03,1
 7.8125E-03,1
 3.9063E-03,1
 4.8828E-03,1
 4.8828E-03,1
 5.8594E-03,1
 4.8828E-03,1
 4.8828E-03,1
 7.8125E-03,1
 4.8828E-03,1
 2.9297E-03,1
 5.8594E-03,1
 6.8359E-03,1
 7.8125E-03,1
 5.8594E-03,1
 2.9297E-03,1
 2.9297E-03,1
 4.8828E-03,1
 5.8594E-03,1
 5.8594E-03,1
 3.9063E-03,1
 4.8828E-03,1
 4.8828E-03,1
 6.8359E-03,1
 5.8594E-03,1
 2.9297E-03,1
 6.8359E-03,1
 6.8359E-03,1
 5.8594E-03,1
 3.9063E-03,1
 3.9063E-03,1
 3.9063E-03,1
 5.8594E-03,1
 1.9531E-03,1
 2.9297E-03,1
 7.8125E-03,1
 6.8359E-03,1
 2.9297E-03,1
 2.9297E-03,1
 5.8594E-03,1
 3.9063E-03,1
 4.8828E-03,1
 6.8359E-03,1
 4.8828E-03,1
 5.8594E-03,1
 5.8594E-03,1
 1.9531E-03,1
 4.8828E-03,1
 4.8828E-03,1
 4.8828E-03,1
 7.8125E-03,1
 3.9063E-03,1
 2.9297E-03,1
 3.9063E-03,1
 4.8828E-03,1
 6.8359E-03,1
 8.7891E-03,1
 6.8359E-03,1
 3.9063E-03,1
 3.9063E-03,1
 9.7656E-04,1
 6.8359E-03,1
 6.8359E-03,1
 1.9531E-03,1
 5.8594E-03,1
 6.8359E-03,1
 3.9063E-03,1
 7.8125E-03,1
 3.9063E-03,1
 2.9297E-03,1
 5.8594E-03,1
 5.8594E-03,1
 3.9063E-03,1
 6.8359E-03,1
 3.9063E-03,1
 3.9063E-03,1
 6.8359E-03,1
 5.8594E-03,1
 3.9063E-03,1
 5.8594E-03,1
 5.8594E-03,1
 3.9063E-03,1
 5.8594E-03,1
 3.9063E-03,1
 5.8594E-03,1
 8.7891E-03,1
 5.8594E-03,1
 2.9297E-03,1
 3.9063E-03,1
 4.8828E-03,1
 3.9063E-03,1
 6.8359E-03,1
 3.9063E-03,1
 4.8828E-03,1
 7.8125E-03,1
 4.8828E-03,1
 2.9297E-03,1
 4.8828E-03,1
 4.8828E-03,1
 3.9063E-03,1
 5.8594E-03,1
 3.9063E-03,1
 4.8828E-03,1
 3.9063E-03,1
 1.9531E-03,1
 3.9063E-03,1
 3.9063E-03,1
 5.8594E-03,1
 5.8594E-03,1
 5.8594E-03,1
 2.9297E-03,1
 3.9063E-03,1
 4.8828E-03,1
 6.8359E-03,1
 5.8594E-03,1
 4.8828E-03,1
 4.8828E-03,1
 2.9297E-03,1
 3.9063E-03,1
 4.8828E-03,1
 4.8828E-03,1
 3.9063E-03,1
 4.8828E-03,1
 4.8828E-03,1
 3.9063E-03,1
 4.8828E-03,1
 2.9297E-03,1
 7.8125E-03,1
 4.8828E-03,1
 4.8828E-03,1
 4.8828E-03,1
 3.9063E-03,1
 4.8828E-03,1
 6.8359E-03,1
 3.9063E-03,1
 4.8828E-03,1
 4.8828E-03,1
 6.8359E-03,1
 4.8828E-03,1
 2.9297E-03,1
 2.9297E-03,1
 2.9297E-03,1
 6.8359E-03,1
 5.8594E-03,1
 4.8828E-03,1
 5.8594E-03,1
 4.8828E-03,1
 1.9531E-03,1
 3.9063E-03,1
 4.8828E-03,1
 4.8828E-03,1
 6.8359E-03,1
 6.8359E-03,1
 3.9063E-03,1
 5.8594E-03,1
 4.8828E-03,1
 4.8828E-03,1
 3.9063E-03,1
 7.8125E-03,1
 6.8359E-03,1
 4.8828E-03,1
 5.8594E-03,1
 4.8828E-03,1
 2.9297E-03,1
 6.8359E-03,1
 4.8828E-03,1
 4.8828E-03,1
 6.8359E-03,1
 4.8828E-03,1
 4.8828E-03,1
 4.8828E-03,1
 3.9063E-03,1
 5.8594E-03,1
 4.8828E-03,1
 3.9063E-03,1
 3.9063E-03,1
 2.9297E-03,1
 4.8828E-03,1
 4.8828E-03,1
 3.9063E-03,1
 3.9063E-03,1
 4.8828E-03,1
 4.8828E-03,1
 2.9297E-03,1
 3.9063E-03,1
 6.8359E-03,1
 6.8359E-03,1
 2.9297E-03,1
 3.9063E-03,1
 6.8359E-03,1
 6.8359E-03,1
 1.9531E-03,1
 4.8828E-03,1
 3.9063E-03,1
 2.9297E-03,1
 5.8594E-03,1
 8.7891E-03,1
 3.9063E-03,1
 1.9531E-03,1
 4.8828E-03,1
 3.9063E-03,1
 4.8828E-03,1
 6.8359E-03,1
 3.9063E-03,1
 3.9063E-03,1
 2.9297E-03,1
 1.9531E-03,1
 3.9063E-03,1
 2.9297E-03,1
 9.7656E-04,1
 1.9531E-03,1
 9.7656E-04,1
 3.9063E-03,1
 9.7656E-04,1
 1.9531E-03,1
 9.7656E-04,1
-1.9531E-03,1
 3.9063E-03,1
 3.9063E-03,1
 9.7656E-04,1
 0.0000E+00,1
 9.7656E-04,1
 1.9531E-03,1
 9.7656E-04,1
 0.0000E+00,1
 9.7656E-04,1
 9.7656E-04,1
 9.7656E-04,1
 0.0000E+00,1
 9.7656E-04,1
-9.7656E-04,1
 9.7656E-04,1
 9.7656E-04,1
 0.0000E+00,1
-9.7656E-04,1
-1.9531E-03,1
 9.7656E-04,1
 9.7656E-04,1
 0.0000E+00,1
-1.9531E-03,1
 9.7656E-04,1
 1.9531E-03,1
 0.0000E+00,1
-2.9297E-03,1
 0.0000E+00,1
 9.7656E-04,1
 1.9531E-03,1
 9.7656E-04,1
-9.7656E-04,1
-1.9531E-03,1
-1.9531E-03,1
 0.0000E+00,1
 9.7656E-04,1
-9.7656E-04,1
-9.7656E-04,1
 0.0000E+00,1
 0.0000E+00,1
-1.9531E-03,1
-9.7656E-04,1
 0.0000E+00,1
 9.7656E-04,1
 9.7656E-04,1
-2.9297E-03,1
 0.0000E+00,1
 0.0000E+00,1
 0.0000E+00,1
 0.0000E+00,1
-3.9063E-03,1
-1.9531E-03,1
 0.0000E+00,1
 3.9063E-03,1
-9.7656E-04,1
-3.9063E-03,1
 1.9531E-03,1
-1.9531E-03,1
-2.9297E-03,1
 1.9531E-03,1
 1.9531E-03,1
-9.7656E-04,1
 0.0000E+00,1
 9.7656E-04,1
-2.9297E-03,1
 9.7656E-04,1
 1.9531E-03,1
-9.7656E-04,1
 9.7656E-04,1
-9.7656E-04,1
-9.7656E-04,1
 9.7656E-04,1
-1.9531E-03,1
-1.9531E-03,1
 9.7656E-04,1
 9.7656E-04,1
-9.7656E-04,1
-3.9063E-03,1
 0.0000E+00,1
-1.9531E-03,1
 0.0000E+00,1
 0.0000E+00,1
-1.9531E-03,1
 0.0000E+00,1
 0.0000E+00,1
 0.0000E+00,1
-2.9297E-03,1
-9.7656E-04,1
-2.9297E-03,1
-2.9297E-03,1
 0.0000E+00,1
-1.9531E-03,1
-1.9531E-03,1
-9.7656E-04,1
-1.9531E-03,1
-9.7656E-04,1
-1.9531E-03,1
-9.7656E-04,1
 9.7656E-04,1
 9.7656E-04,1
 9.7656E-04,1
-2.9297E-03,1
-2.9297E-03,1
 0.0000E+00,1
-9.7656E-04,1
 0.0000E+00,1
 0.0000E+00,1
-3.9063E-03,1
-9.7656E-04,1
-9.7656E-04,1
-1.9531E-03,1
-9.7656E-04,1
-3.9063E-03,1
-1.9531E-03,1
-1.9531E-03,1
-9.7656E-04,1
-2.9297E-03,1
-1.9531E-03,1
-9.7656E-04,1
 0.0000E+00,1
-2.9297E-03,1
-2.9297E-03,1
-2.9297E-03,1
-3.9063E-03,1
-9.7656E-04,1
-1.9531E-03,1
 0.0000E+00,1
 9.7656E-04,1
-9.7656E-04,1
-2.9297E-03,1
-1.9531E-03,1
-1.9531E-03,1
-2.9297E-03,1
-1.9531E-03,1
-1.9531E-03,1
-1.9531E-03,1
 0.0000E+00,1
-9.7656E-04,1
-1.9531E-03,1
-3.9063E-03,1
 0.0000E+00,1
-2.9297E-03,1
-2.9297E-03,1
-1.9531E-03,1
 1.9531E-03,1
-1.9531E-03,1
-3.9063E-03,1
-2.9297E-03,1
-3.9063E-03,1
 0.0000E+00,1
 9.7656E-04,1
 9.7656E-04,1
-4.8828E-03,1
 0.0000E+00,1
-2.9297E-03,1
-3.9063E-03,1
-1.9531E-03,1
-9.7656E-04,1
-2.9297E-03,1
 0.0000E+00,1
-9.7656E-04,1
-2.9297E-03,1
-1.9531E-03,1
-1.9531E-03,1
-4.8828E-03,1
-9.7656E-04,1
 0.0000E+00,1
-1.9531E-03,1
-3.9063E-03,1
-9.7656E-04,1
-1.9531E-03,1
-3.9063E-03,1
-9.7656E-04,1
-1.9531E-03,1
-1.9531E-03,1
 0.0000E+00,1
-1.9531E-03,1
-3.9063E-03,1
-2.9297E-03,1
-3.9063E-03,1
-3.9063E-03,1
 9.7656E-04,1
 0.0000E+00,1
-3.9063E-03,1
-2.9297E-03,1
-3.9063E-03,1
-3.9063E-03,1
-9.7656E-04,1
-1.9531E-03,1
-3.9063E-03,1
-1.9531E-03,1
 0.0000E+00,1
-2.9297E-03,1
-1.9531E-03,1
-1.9531E-03,1
-3.9063E-03,1
-1.9531E-03,1
 0.0000E+00,1
-2.9297E-03,1
-3.9063E-03,1
-2.9297E-03,1
-3.9063E-03,1
-1.9531E-03,1
-1.9531E-03,1
-2.9297E-03,1
-2.9297E-03,1
-1.9531E-03,1
-4.8828E-03,1
-2.9297E-03,1
-1.9531E-03,1
-4.8828E-03,1
-2.9297E-03,1
 0.0000E+00,1
-2.9297E-03,1
-3.9063E-03,1
-2.9297E-03,1
 9.7656E-04,1
-2.9297E-03,1
-3.9063E-03,1
-2.9297E-03,1
 0.0000E+00,1
 0.0000E+00,1
-2.9297E-03,1
-4.8828E-03,1
-1.9531E-03,1
-3.9063E-03,1
-1.9531E-03,1
-9.7656E-04,1
-2.9297E-03,1
-3.9063E-03,1
-1.9531E-03,1
-2.9297E-03,1
-2.9297E-03,1
-4.8828E-03,1
-2.9297E-03,1
-9.7656E-04,1
 9.7656E-04,1
-2.9297E-03,1
-4.8828E-03,1
-4.8828E-03,1
-4.8828E-03,1
-2.9297E-03,1
-9.7656E-04,1
-1.9531E-03,1
-3.9063E-03,1
-2.9297E-03,1
-2.9297E-03,1
-3.9063E-03,1
-2.9297E-03,1
-2.9297E-03,1
-3.9063E-03,1
-1.9531E-03,1
-1.9531E-03,1
-2.9297E-03,1
-4.8828E-03,1
-4.8828E-03,1
-2.9297E-03,1
-2.9297E-03,1
-2.9297E-03,1
-1.9531E-03,1
-3.9063E-03,1
-3.9063E-03,1
-1.9531E-03,1
-2.9297E-03,1
-1.9531E-03,1
-3.9063E-03,1
-4.8828E-03,1
-4.8828E-03,1
-2.9297E-03,1
-3.9063E-03,1
-4.8828E-03,1
-6.8359E-03,1
-3.9063E-03,1
-3.9063E-03,1
-5.8594E-03,1
-4.8828E-03,1
-7.8125E-03,1
-8.7891E-03,1
-7.8125E-03,1
-7.8125E-03,1
-8.7891E-03,1
-7.8125E-03,1
-8.7891E-03,1
-8.7891E-03,1
-8.7891E-03,1
-8.7891E-03,1
-9.7656E-03,1
-8.7891E-03,1
-6.8359E-03,1
-5.8594E-03,1
-8.7891E-03,1
-7.8125E-03,1
-6.8359E-03,1
-9.7656E-03,1
-1.0742E-02,1
-6.8359E-03,1
-7.8125E-03,1
-8.7891E-03,1
-7.8125E-03,1
-7.8125E-03,1
-8.7891E-03,1
-7.8125E-03,1
-8.7891E-03,1
-7.8125E-03,1
-9.7656E-03,1
-5.8594E-03,1
-6.8359E-03,1
-1.1719E-02,1
-7.8125E-03,1
-9.7656E-03,1
-9.7656E-03,1
-7.8125E-03,1
-5.8594E-03,1
-8.7891E-03,1
-8.7891E-03,1
-5.8594E-03,1
-8.7891E-03,1
-8.7891E-03,1
-6.8359E-03,1
-7.8125E-03,1
-9.7656E-03,1
-5.8594E-03,1
-8.7891E-03,1
-8.7891E-03,1
-7.8125E-03,1
-9.7656E-03,1
-9.7656E-03,1
-9.7656E-03,1
-7.8125E-03,1
-5.8594E-03,1
-5.8594E-03,1
-8.7891E-03,1
-9.7656E-03,1
-7.8125E-03,1
-9.7656E-03,1
-8.7891E-03,1
-6.8359E-03,1
-7.8125E-03,1
-8.7891E-03,1
-8.7891E-03,1
-7.8125E-03,1
-7.8125E-03,1
-8.7891E-03,1
-8.7891E-03,1
-9.7656E-03,1
-9.7656E-03,1
-8.7891E-03,1
-8.7891E-03,1
-8.7891E-03,1
-1.0742E-02,1
-9.7656E-03,1
-6.8359E-03,1
-8.7891E-03,1
-1.0742E-02,1
-1.0742E-02,1
-1.0742E-02,1
-6.8359E-03,1
-8.7891E-03,1
-1.1719E-02,1
-1.0742E-02,1
-9.7656E-03,1
-8.7891E-03,1
-7.8125E-03,1
-8.7891E-03,1
-1.0742E-02,1
-1.0742E-02,1
-9.7656E-03,1
-9.7656E-03,1
-8.7891E-03,1
-8.7891E-03,1
-7.8125E-03,1
-1.1719E-02,1
-1.1719E-02,1
-9.7656E-03,1
-7.8125E-03,1
-9.7656E-03,1
-9.7656E-03,1
-8.7891E-03,1
-1.0742E-02,1
-1.0742E-02,1
-8.7891E-03,1
-1.0742E-02,1
-1.0742E-02,1
-6.8359E-03,1
-7.8125E-03,1
-1.0742E-02,1
-8.7891E-03,1
-1.0742E-02,1
-1.3672E-02,1
-1.1719E-02,1
-1.0742E-02,1
-9.7656E-03,1
-8.7891E-03,1
-8.7891E-03,1
-1.2695E-02,1
-1.3672E-02,1
-1.0742E-02,1
-9.7656E-03,1
-1.1719E-02,1
-1.0742E-02,1
-8.7891E-03,1
-9.7656E-03,1
-1.1719E-02,1
-8.7891E-03,1
-1.1719E-02,1
-1.4648E-02,1
-9.7656E-03,1
-1.1719E-02,1
-1.3672E-02,1
-1.2695E-02,1
-1.0742E-02,1
-1.1719E-02,1
-1.3672E-02,1
-1.2695E-02,1
-1.3672E-02,1
-1.3672E-02,1
-1.3672E-02,1
-1.0742E-02,1
-1.1719E-02,1
-1.0742E-02,1
-1.2695E-02,1
-1.4648E-02,1
-1.3672E-02,1
-1.3672E-02,1
-1.4648E-02,1
-1.4648E-02,1
-1.0742E-02,1
-1.3672E-02,1
-1.4648E-02,1
-1.6602E-02,1
-1.5625E-02,1
-1.3672E-02,1
-1.3672E-02,1
-1.2695E-02,1
-1.5625E-02,1
-1.6602E-02,1
-1.4648E-02,1
-1.4648E-02,1
-1.3672E-02,1
-1.3672E-02,1
-1.6602E-02,1
-1.5625E-02,1
-1.4648E-02,1
-1.5625E-02,1
-1.5625E-02,1
-1.6602E-02,1
-1.6602E-02,1
-1.3672E-02,1
-1.2695E-02,1
-1.6602E-02,1
-1.5625E-02,1
-1.5625E-02,1
-1.3672E-02,1
-1.4648E-02,1
-1.6602E-02,1
-1.7578E-02,1
-1.6602E-02,1
-1.4648E-02,1
-1.5625E-02,1
-1.5625E-02,1
-1.5625E-02,1
-1.6602E-02,1
-1.6602E-02,1
-1.6602E-02,1
-1.7578E-02,1
-1.3672E-02,1
-1.2695E-02,1
-1.5625E-02,1
-1.6602E-02,1
-1.6602E-02,1
-1.6602E-02,1
-1.7578E-02,1
-1.5625E-02,1
-1.4648E-02,1
-1.7578E-02,1
-1.5625E-02,1
-1.3672E-02,1
-1.5625E-02,1
-1.6602E-02,1
-1.6602E-02,1
-1.4648E-02,1
-1.8555E-02,1
-1.4648E-02,1
-1.2695E-02,1
-1.5625E-02,1
-1.8555E-02,1
-1.7578E-02,1
-1.4648E-02,1
-1.7578E-02,1
-1.7578E-02,1
-1.4648E-02,1
-1.4648E-02,1
-1.6602E-02,1
-1.6602E-02,1
-1.5625E-02,1
-1.8555E-02,1
-1.6602E-02,1
-1.6602E-02,1
-1.9531E-02,1
-1.6602E-02,1
-1.6602E-02,1
-1.4648E-02,1
-1.4648E-02,1
-1.6602E-02,1
-1.6602E-02,1
-1.8555E-02,1
-1.6602E-02,1
-1.7578E-02,1
-1.6602E-02,1
-1.6602E-02,1
-1.6602E-02,1
-1.9531E-02,1
-1.9531E-02,1
-1.7578E-02,1
-1.6602E-02,1
-1.4648E-02,1
-1.7578E-02,1
-1.7578E-02,1
-1.8555E-02,1
-1.9531E-02,1
-1.6602E-02,1
-1.6602E-02,1
-1.9531E-02,1
-2.0508E-02,1
-1.8555E-02,1
-1.5625E-02,1
-1.5625E-02,1
-1.9531E-02,1
-2.0508E-02,1
-1.9531E-02,1
-1.9531E-02,1
-1.7578E-02,1
-1.6602E-02,1
-2.0508E-02,1
-1.8555E-02,1
-1.7578E-02,1
-1.8555E-02,1
-2.0508E-02,1
-2.0508E-02,1
-1.9531E-02,1
-2.0508E-02,1
-2.0508E-02,1
-1.8555E-02,1
-1.5625E-02,1
-2.2461E-02,1
-2.2461E-02,1
-2.0508E-02,1
-2.1484E-02,1
-1.9531E-02,1
-1.6602E-02,1
-1.6602E-02,1
-1.9531E-02,1
-2.0508E-02,1
-1.9531E-02,1
-2.2461E-02,1
-2.1484E-02,1
-1.7578E-02,1
-1.8555E-02,1
-2.0508E-02,1
-1.8555E-02,1
-1.9531E-02,1
-2.2461E-02,1
-2.3438E-02,1
-1.7578E-02,1
-2.2461E-02,1
-2.1484E-02,1
-1.9531E-02,1
-1.9531E-02,1
-2.0508E-02,1
-2.1484E-02,1
-2.2461E-02,1
-2.1484E-02,1
-2.1484E-02,1
-2.1484E-02,1
-2.0508E-02,1
-2.1484E-02,1
-2.2461E-02,1
-1.9531E-02,1
-2.1484E-02,1
-2.2461E-02,1
-2.2461E-02,1
-2.2461E-02,1
-2.4414E-02,1
-2.1484E-02,1
-1.8555E-02,1
-2.1484E-02,1
-2.4414E-02,1
-2.3438E-02,1
-2.3438E-02,1
-2.5391E-02,1
-2.2461E-02,1
-2.0508E-02,1
-2.3438E-02,1
-2.4414E-02,1
-2.0508E-02,1
-2.1484E-02,1
-2.5391E-02,1
-2.3438E-02,1
-2.3438E-02,1
-2.5391E-02,1
-2.3438E-02,1
-2.2461E-02,1
-2.1484E-02,1
-2.3438E-02,1
-2.3438E-02,1
-2.3438E-02,1
-2.5391E-02,1
-2.3438E-02,1
-2.2461E-02,1
-2.3438E-02,1
-2.5391E-02,1
-2.1484E-02,1
-2.2461E-02,1
-2.6367E-02,1
-2.4414E-02,1
-2.2461E-02,1
-2.4414E-02,1
-2.6367E-02,1
-2.1484E-02,1
-2.1484E-02,1
-2.6367E-02,1
-2.4414E-02,1
-2.5391E-02,1
-2.6367E-02,1
-2.3438E-02,1
-2.3438E-02,1
-2.2461E-02,1
-2.4414E-02,1
-2.2461E-02,1
-2.1484E-02,1
-2.6367E-02,1
-2.4414E-02,1
-2.5391E-02,1
-2.6367E-02,1
-2.3438E-02,1
-2.2461E-02,1
-2.3438E-02,1
-2.4414E-02,1
-2.4414E-02,1
-2.4414E-02,1
-2.7344E-02,1
-2.4414E-02,1
-2.4414E-02,1
-2.6367E-02,1
-2.6367E-02,1
-2.4414E-02,1
-2.4414E-02,1
-2.8320E-02,1
-2.7344E-02,1
-2.5391E-02,1
-2.5391E-02,1
-2.5391E-02,1
-2.1484E-02,1
-2.2461E-02,1
-2.6367E-02,1
-2.5391E-02,1
-2.4414E-02,1
-2.6367E-02,1
-2.6367E-02,1
-2.3438E-02,1
-2.5391E-02,1
-2.6367E-02,1
-2.3438E-02,1
-2.1484E-02,1
-2.5391E-02,1
-2.8320E-02,1
-2.5391E-02,1
-2.4414E-02,1
-2.7344E-02,1
-2.3438E-02,1
-2.3438E-02,1
-2.5391E-02,1
-2.4414E-02,1
-2.4414E-02,1
-2.5391E-02,1
-2.8320E-02,1
-2.7344E-02,1
-2.7344E-02,1
-2.8320E-02,1
-2.5391E-02,1
-2.3438E-02,1
-2.5391E-02,1
-2.4414E-02,1
-2.4414E-02,1
-2.5391E-02,1
-2.4414E-02,1
-2.3438E-02,1
-2.3438E-02,1
-2.4414E-02,1
-2.5391E-02,1
-2.5391E-02,1
-2.5391E-02,1
-2.6367E-02,1
-2.4414E-02,1
-2.3438E-02,1
-2.4414E-02,1
-2.5391E-02,1
-2.5391E-02,1
-2.4414E-02,1
-2.3438E-02,1
-2.5391E-02,1
-2.6367E-02,1
-2.7344E-02,1
-2.5391E-02,1
-2.4414E-02,1
-2.2461E-02,1
-2.3438E-02,1
-2.4414E-02,1
-2.5391E-02,1
-2.5391E-02,1
-2.4414E-02,1
-2.7344E-02,1
-2.6367E-02,1
-2.5391E-02,1
-2.3438E-02,1
-2.4414E-02,1
-2.3438E-02,1
-2.3438E-02,1
-2.5391E-02,1
-2.6367E-02,1
-2.5391E-02,1
-2.5391E-02,1
-2.6367E-02,1
-2.3438E-02,1
-2.3438E-02,1
-2.4414E-02,1
-2.6367E-02,1
-2.7344E-02,1
-2.7344E-02,1
-2.7344E-02,1
-2.5391E-02,1
-2.6367E-02,1
-2.6367E-02,1
-2.4414E-02,1
-2.2461E-02,1
-2.4414E-02,1
-2.6367E-02,1
-2.4414E-02,1
-2.5391E-02,1
-2.6367E-02,1
-2.5391E-02,1
-2.4414E-02,1
-2.6367E-02,1
-2.4414E-02,1
-2.3438E-02,1
-2.5391E-02,1
-2.6367E-02,1
-2.3438E-02,1
-2.5391E-02,1
-2.4414E-02,1
-2.4414E-02,1
-2.4414E-02,1
-2.4414E-02,1
-2.5391E-02,1
-2.3438E-02,1
-2.3438E-02,1
-2.4414E-02,1
-2.4414E-02,1
-2.2461E-02,1
-2.3438E-02,1
-2.5391E-02,1
-2.7344E-02,1
-2.5391E-02,1
-2.6367E-02,1
-2.4414E-02,1
-2.5391E-02,1
-2.6367E-02,1
-2.6367E-02,1
-2.5391E-02,1
-2.4414E-02,1
-2.3438E-02,1
-2.3438E-02,1
-2.4414E-02,1
-2.6367E-02,1
-2.7344E-02,1
-2.5391E-02,1
-2.4414E-02,1
-2.2461E-02,1
-2.3438E-02,1
-2.6367E-02,1
-2.7344E-02,1
-2.6367E-02,1
-2.3438E-02,1
-2.4414E-02,1
-2.4414E-02,1
-2.5391E-02,1
-2.5391E-02,1
-2.5391E-02,1
-2.7344E-02,1
-2.3438E-02,1
-2.4414E-02,1
-2.4414E-02,1
-2.5391E-02,1
-2.6367E-02,1
-2.5391E-02,1
-2.2461E-02,1
-2.3438E-02,1
-2.6367E-02,1
-2.4414E-02,1
-2.5391E-02,1
-2.7344E-02,1
-2.4414E-02,1
-2.4414E-02,1
-2.4414E-02,1
-2.6367E-02,1
-2.6367E-02,1
-2.4414E-02,1
-2.5391E-02,1
-2.4414E-02,1
-2.4414E-02,1
-2.5391E-02,1
-2.5391E-02,1
-2.7344E-02,1
-2.5391E-02,1
-2.2461E-02,1
-2.4414E-02,1
-2.4414E-02,1
-2.6367E-02,1
-2.8320E-02,1
-2.5391E-02,1
-2.5391E-02,1
-2.6367E-02,1
-2.4414E-02,1
-2.6367E-02,1
-2.5391E-02,1
-2.4414E-02,1
-2.4414E-02,1
-2.3438E-02,1
-2.5391E-02,1
-2.5391E-02,1
-2.4414E-02,1
-2.4414E-02,1
-2.5391E-02,1
-2.4414E-02,1
-2.2461E-02,1
-2.2461E-02,1
-2.4414E-02,1
-2.6367E-02,1
-2.4414E-02,1
-2.4414E-02,1
-2.3438E-02,1
-2.4414E-02,1
-2.4414E-02,1
-2.5391E-02,1
-2.4414E-02,1
-2.2461E-02,1
-2.2461E-02,1
-2.4414E-02,1
-2.3438E-02,1
-2.4414E-02,1
-2.3438E-02,1
-2.6367E-02,1
-2.5391E-02,1
-2.4414E-02,1
-2.3438E-02,1
-2.4414E-02,1
-2.5391E-02,1
-2.5391E-02,1
-2.3438E-02,1
-2.3438E-02,1
-2.4414E-02,1
-2.4414E-02,1
-2.4414E-02,1
-2.4414E-02,1
-2.4414E-02,1
-2.3438E-02,1
-2.4414E-02,1
-2.5391E-02,1
-2.5391E-02,1
-2.2461E-02,1
-2.2461E-02,1
-2.4414E-02,1
-2.4414E-02,1
-2.4414E-02,1
-2.1484E-02,1
-2.4414E-02,1
-2.3438E-02,1
-2.4414E-02,1
-2.4414E-02,1
-2.6367E-02,1
-2.7344E-02,1
-2.5391E-02,1
-2.4414E-02,1
-2.3438E-02,1
-2.2461E-02,1
-2.3438E-02,1
-2.5391E-02,1
-2.5391E-02,1
-2.3438E-02,1
-2.3438E-02,1
-2.4414E-02,1
-2.4414E-02,1
-2.2461E-02,1
-2.3438E-02,1
-2.3438E-02,1
-2.1484E-02,1
-2.3438E-02,1
-2.4414E-02,1
-2.2461E-02,1
-2.3438E-02,1
-2.5391E-02,1
-2.3438E-02,1
-2.5391E-02,1
-2.5391E-02,1
-2.2461E-02,1
-2.2461E-02,1
-2.5391E-02,1
-2.6367E-02,1
-2.5391E-02,1
-2.7344E-02,1
-2.5391E-02,1
-1.9531E-02,1
-2.3438E-02,1
-2.4414E-02,1
-2.4414E-02,1
-2.3438E-02,1
-2.6367E-02,1
-2.7344E-02,1
-2.7344E-02,1
-2.7344E-02,1
-2.7344E-02,1
-2.5391E-02,1
-2.3438E-02,1
-2.5391E-02,1
-2.6367E-02,1
-2.5391E-02,1
-2.5391E-02,1
-2.4414E-02,1
-2.4414E-02,1
-2.4414E-02,1
-2.2461E-02,1
-2.4414E-02,1
-2.3438E-02,1
-2.3438E-02,1
-2.4414E-02,1
-2.6367E-02,1
-2.5391E-02,1
-2.4414E-02,1
-2.1484E-02,1
-2.2461E-02,1
-2.5391E-02,1
-2.6367E-02,1
-2.6367E-02,1
-2.3438E-02,1
-2.3438E-02,1
-2.3438E-02,1
-2.4414E-02,1
-2.6367E-02,1
-2.7344E-02,1
-2.3438E-02,1
-2.0508E-02,1
-2.4414E-02,1
-2.4414E-02,1
-2.4414E-02,1
-2.4414E-02,1
-2.4414E-02,1
-2.5391E-02,1
-2.2461E-02,1
-2.2461E-02,1
-2.3438E-02,1
-2.3438E-02,1
-2.5391E-02,1
-2.4414E-02,1
-2.2461E-02,1
-2.3438E-02,1
-2.4414E-02,1
-2.6367E-02,1
-2.6367E-02,1
-2.5391E-02,1
-2.5391E-02,1
-2.4414E-02,1
-2.3438E-02,1
-2.2461E-02,1
-2.2461E-02,1
-2.4414E-02,1
-2.6367E-02,1
-2.4414E-02,1
-2.3438E-02,1
-2.6367E-02,1
-2.5391E-02,1
-2.3438E-02,1
-2.4414E-02,1
-2.5391E-02,1
-2.4414E-02,1
-2.2461E-02,1
-2.5391E-02,1
-2.5391E-02,1
-2.4414E-02,1
-2.5391E-02,1
-2.5391E-02,1
-2.3438E-02,1
-2.1484E-02,1
-2.2461E-02,1
-2.5391E-02,1
-2.4414E-02,1
-2.2461E-02,1
-2.6367E-02,1
-2.6367E-02,1
-2.5391E-02,1
-2.3438E-02,1
-2.5391E-02,1
-2.6367E-02,1
-2.4414E-02,1
-2.1484E-02,1
-2.2461E-02,1
-2.6367E-02,1
-2.7344E-02,1
-2.3438E-02,1
-2.3438E-02,1
-2.7344E-02,1
-2.5391E-02,1
-2.2461E-02,1
-2.3438E-02,1
-2.5391E-02,1
-2.4414E-02,1
-2.4414E-02,1
-2.4414E-02,1
-2.5391E-02,1
-2.3438E-02,1
-2.4414E-02,1
-2.6367E-02,1
-2.6367E-02,1
-2.2461E-02,1
-2.0508E-02,1
-2.4414E-02,1
-2.6367E-02,1
-2.5391E-02,1
-2.6367E-02,1
-2.6367E-02,1
-2.4414E-02,1
-2.5391E-02,1
-2.6367E-02,1
-2.6367E-02,1
-2.6367E-02,1
-2.5391E-02,1
-2.7344E-02,1
-2.6367E-02,1
-2.4414E-02,1
-2.3438E-02,1
-2.5391E-02,1
-2.7344E-02,1
-2.7344E-02,1
-2.8320E-02,1
-2.7344E-02,1
-2.4414E-02,1
-2.7344E-02,1
-2.8320E-02,1
-2.6367E-02,1
-2.7344E-02,1
-2.6367E-02,1
-2.3438E-02,1
-2.4414E-02,1
-2.4414E-02,1
-2.6367E-02,1
-2.6367E-02,1
-2.7344E-02,1
-2.6367E-02,1
-2.9297E-02,1
-3.0273E-02,1
-2.7344E-02,1
-2.6367E-02,1
-2.7344E-02,1
-2.7344E-02,1
-2.6367E-02,1
-2.5391E-02,1
-2.6367E-02,1
-2.6367E-02,1
-2.8320E-02,1
-2.5391E-02,1
-2.5391E-02,1
-2.5391E-02,1
-2.4414E-02,1
-2.3438E-02,1
-2.6367E-02,1
-2.7344E-02,1
-2.5391E-02,1
-2.5391E-02,1
-2.7344E-02,1
-2.8320E-02,1
-2.4414E-02,1
-2.4414E-02,1
-2.6367E-02,1
-2.7344E-02,1
-2.6367E-02,1
-2.5391E-02,1
-2.5391E-02,1
-2.6367E-02,1
-2.5391E-02,1
-2.6367E-02,1
-2.7344E-02,1
-2.7344E-02,1
-2.4414E-02,1
-2.6367E-02,1
-2.7344E-02,1
-2.7344E-02,1
-2.6367E-02,1
-2.5391E-02,1
-2.7344E-02,1
-2.5391E-02,1
-2.3438E-02,1
-2.5391E-02,1
-2.6367E-02,1
-2.4414E-02,1
-2.4414E-02,1
-2.7344E-02,1
-2.8320E-02,1
-2.7344E-02,1
-2.8320E-02,1
-2.7344E-02,1
-2.5391E-02,1
-2.4414E-02,1
-2.5391E-02,1
-2.7344E-02,1
-2.8320E-02,1
-2.7344E-02,1
-2.8320E-02,1
-2.6367E-02,1
-2.2461E-02,1
-2.5391E-02,1
-2.7344E-02,1
-2.4414E-02,1
-2.2461E-02,1
-2.5391E-02,1
-2.6367E-02,1
-2.6367E-02,1
-2.6367E-02,1
-2.8320E-02,1
-2.7344E-02,1
-2.8320E-02,1
-2.8320E-02,1
-2.6367E-02,1
-2.6367E-02,1
-2.7344E-02,1
-2.9297E-02,1
-2.6367E-02,1
-2.6367E-02,1
-2.7344E-02,1
-2.8320E-02,1
-2.7344E-02,1
-2.6367E-02,1
-2.7344E-02,1
-2.6367E-02,1
-2.6367E-02,1
-2.7344E-02,1
-2.8320E-02,1
-2.5391E-02,1
-2.4414E-02,1
-2.3438E-02,1
-2.5391E-02,1
-2.5391E-02,1
-2.5391E-02,1
-2.6367E-02,1
-2.8320E-02,1
-2.6367E-02,1
-2.6367E-02,1
-2.8320E-02,1
-2.7344E-02,1
-2.7344E-02,1
-2.6367E-02,1
-2.5391E-02,1
-2.6367E-02,1
-2.7344E-02,1
-2.7344E-02,1
-2.5391E-02,1
-2.6367E-02,1
-2.7344E-02,1
-2.7344E-02,1
-2.4414E-02,1
-2.2461E-02,1
-2.5391E-02,1
-2.9297E-02,1
-2.8320E-02,1
-2.8320E-02,1
-2.7344E-02,1
-2.4414E-02,1
-2.4414E-02,1
-2.7344E-02,1
-2.7344E-02,1
-2.3438E-02,1
-2.6367E-02,1
-2.6367E-02,1
-2.6367E-02,1
-2.7344E-02,1
-2.6367E-02,1
-2.7344E-02,1
-2.6367E-02,1
-2.8320E-02,1
-2.8320E-02,1
-2.5391E-02,1
-2.5391E-02,1
-2.7344E-02,1
-2.7344E-02,1
-2.6367E-02,1
-2.9297E-02,1
-3.0273E-02,1
-2.7344E-02,1
-2.6367E-02,1
-2.8320E-02,1
-2.9297E-02,1
-2.8320E-02,1
-2.8320E-02,1
-2.8320E-02,1
-2.7344E-02,1
-2.8320E-02,1
-2.7344E-02,1
-2.9297E-02,1
-2.9297E-02,1
-2.8320E-02,1
-3.0273E-02,1
-3.1250E-02,1
-3.1250E-02,1
-3.0273E-02,1
-2.9297E-02,1
-3.0273E-02,1
-3.1250E-02,1
-3.1250E-02,1
-3.1250E-02,1
-3.1250E-02,1
-3.0273E-02,1
-3.3203E-02,1
-3.4180E-02,1
-3.3203E-02,1
-3.5156E-02,1
-3.3203E-02,1
-3.1250E-02,1
-3.1250E-02,1
-3.3203E-02,1
-3.2227E-02,1
-3.4180E-02,1
-3.5156E-02,1
-3.3203E-02,1
-3.6133E-02,1
-3.5156E-02,1
-3.1250E-02,1
-3.3203E-02,1
-3.6133E-02,1
-3.3203E-02,1
-3.2227E-02,1
-3.5156E-02,1
-3.4180E-02,1
-3.4180E-02,1
-3.7109E-02,1
-3.6133E-02,1
-3.4180E-02,1
-3.2227E-02,1
-3.5156E-02,1
-3.4180E-02,1
-3.5156E-02,1
-3.7109E-02,1
-3.8086E-02,1
-3.8086E-02,1
-3.8086E-02,1
-3.7109E-02,1
-3.5156E-02,1
-3.6133E-02,1
-3.7109E-02,1
-3.9063E-02,1
-3.7109E-02,1
-3.6133E-02,1
-3.7109E-02,1
-3.8086E-02,1
-3.6133E-02,1
-3.3203E-02,1
-3.5156E-02,1
-3.7109E-02,1
-3.8086E-02,1
-3.9063E-02,1
-3.7109E-02,1
-3.5156E-02,1
-3.6133E-02,1
-3.7109E-02,1
-3.7109E-02,1
-3.7109E-02,1
-3.6133E-02,1
-3.4180E-02,1
-3.4180E-02,1
-3.6133E-02,1
-3.8086E-02,1
-3.9063E-02,1
-3.8086E-02,1
-3.6133E-02,1
-3.4180E-02,1
-3.4180E-02,1
-3.7109E-02,1
-3.8086E-02,1
-3.7109E-02,1
-3.7109E-02,1
-3.7109E-02,1
-3.6133E-02,1
-3.7109E-02,1
-3.7109E-02,1
-4.0039E-02,1
-3.9063E-02,1
-3.7109E-02,1
-3.7109E-02,1
-3.7109E-02,1
-3.9063E-02,1
-3.8086E-02,1
-3.9063E-02,1
-3.8086E-02,1
-3.8086E-02,1
-3.8086E-02,1
-3.7109E-02,1
-3.5156E-02,1
-3.6133E-02,1
-3.9063E-02,1
-3.9063E-02,1
-3.6133E-02,1
-3.8086E-02,1
-4.0039E-02,1
-3.7109E-02,1
-3.7109E-02,1
-3.7109E-02,1
-3.9063E-02,1
-3.6133E-02,1
-3.5156E-02,1
-3.8086E-02,1
-3.7109E-02,1
-3.6133E-02,1
-3.9063E-02,1
-3.7109E-02,1
-3.4180E-02,1
-3.3203E-02,1
-3.7109E-02,1
-3.8086E-02,1
-3.7109E-02,1
-3.4180E-02,1
-3.8086E-02,1
-3.9063E-02,1
-3.8086E-02,1
-3.7109E-02,1
-3.9063E-02,1
-3.7109E-02,1
-3.3203E-02,1
-3.5156E-02,1
-3.8086E-02,1
-4.0039E-02,1
-3.8086E-02,1
-3.8086E-02,1
-3.9063E-02,1
-3.6133E-02,1
-3.6133E-02,1
-3.5156E-02,1
-3.7109E-02,1
-3.7109E-02,1
-3.8086E-02,1
-3.8086E-02,1
-3.9063E-02,1
-3.7109E-02,1
-3.6133E-02,1
-3.6133E-02,1
-3.9063E-02,1
-3.7109E-02,1
-3.7109E-02,1
-3.8086E-02,1
-3.6133E-02,1
-4.0039E-02,1
-3.9063E-02,1
-3.9063E-02,1
-3.7109E-02,1
-4.0039E-02,1
-4.1992E-02,1
-4.1016E-02,1
-3.7109E-02,1
-3.7109E-02,1
-3.9063E-02,1
-4.0039E-02,1
-3.8086E-02,1
-3.9063E-02,1
-3.8086E-02,1
-3.8086E-02,1
-3.6133E-02,1
-3.8086E-02,1
-4.0039E-02,1
-3.7109E-02,1
-3.7109E-02,1
-3.9063E-02,1
-4.3945E-02,1
-4.1016E-02,1
-3.8086E-02,1
-4.0039E-02,1
-4.0039E-02,1
-3.8086E-02,1
-3.8086E-02,1
-3.8086E-02,1
-3.8086E-02,1
-3.8086E-02,1
-3.8086E-02,1
-4.0039E-02,1
-4.0039E-02,1
-4.0039E-02,1
-4.1016E-02,1
-3.9063E-02,1
-3.8086E-02,1
-3.6133E-02,1
-3.7109E-02,1
-3.6133E-02,1
-3.8086E-02,1
-3.8086E-02,1
-3.8086E-02,1
-3.8086E-02,1
-3.8086E-02,1
-3.7109E-02,1
-3.9063E-02,1
-3.9063E-02,1
-3.7109E-02,1
-3.6133E-02,1
-3.8086E-02,1
-3.7109E-02,1
-3.6133E-02,1
-3.6133E-02,1
-4.0039E-02,1
-4.2969E-02,1
-4.1992E-02,1
-4.1992E-02,1
-4.2969E-02,1
-4.1992E-02,1
-4.1992E-02,1
-4.1016E-02,1
-4.4922E-02,1
-4.4922E-02,1
-4.1992E-02,1
-3.7109E-02,1
-3.9063E-02,1
-4.1016E-02,1
-4.1016E-02,1
-4.1016E-02,1
-4.2969E-02,1
-4.4922E-02,1
-4.1016E-02,1
-3.9063E-02,1
-3.8086E-02,1
-3.9063E-02,1
-4.0039E-02,1
-4.4922E-02,1
-4.3945E-02,1
-4.1992E-02,1
-4.1992E-02,1
-4.2969E-02,1
-4.3945E-02,1
-4.3945E-02,1
-4.2969E-02,1
-4.1992E-02,1
-4.1016E-02,1
-4.0039E-02,1
-4.1992E-02,1
-4.0039E-02,1
-4.1016E-02,1
-3.9063E-02,1
-4.0039E-02,1
-4.0039E-02,1
-4.1992E-02,1
-4.2969E-02,1
-4.2969E-02,1
-4.2969E-02,1
-4.2969E-02,1
-4.1992E-02,1
-4.1992E-02,1
-4.4922E-02,1
-4.6875E-02,1
-4.4922E-02,1
-4.6875E-02,1
-4.9805E-02,1
-5.0781E-02,1
-4.8828E-02,1
-4.3945E-02,1
-4.5898E-02,1
-4.8828E-02,1
-4.8828E-02,1
-4.7852E-02,1
-4.4922E-02,1
-4.5898E-02,1
-4.8828E-02,1
-4.6875E-02,1
-4.6875E-02,1
-4.6875E-02,1
-4.7852E-02,1
-4.6875E-02,1
-4.5898E-02,1
-4.6875E-02,1
-4.6875E-02,1
-4.6875E-02,1
-4.8828E-02,1
-5.1758E-02,1
-4.7852E-02,1
-4.3945E-02,1
-4.3945E-02,1
-4.6875E-02,1
-4.8828E-02,1
 9.5703E-02,1
 3.2520E+00,1
 4.0879E+00,1
 4.0674E+00,1
 3.7480E+00,1
 2.6475E+00,1
 1.9209E+00,1
 1.5225E+00,1
 1.3281E+00,1
 1.2354E+00,1
 1.1934E+00,1
 1.1738E+00,1
 1.1631E+00,1
 1.1533E+00,1
 1.1455E+00,1
 1.1465E+00,1
 1.1465E+00,1
 1.1416E+00,1
 1.1367E+00,1
 1.1367E+00,1
 1.1367E+00,1
 1.1328E+00,1
 1.1299E+00,1
 1.1299E+00,1
 1.1299E+00,1
 1.1289E+00,1
 1.1279E+00,1
 1.1289E+00,1
 1.1270E+00,1
 1.1240E+00,1
 1.1221E+00,1
 1.1240E+00,1
 1.1230E+00,1
 1.1230E+00,1
 1.1240E+00,1
 1.1250E+00,1
 1.1230E+00,1
 1.1201E+00,1
 1.1201E+00,1
 1.1201E+00,1
 1.1172E+00,1
 1.1143E+00,1
 1.1162E+00,1
 1.1172E+00,1
 1.1143E+00,1
 1.1143E+00,1
 1.1162E+00,1
 1.1172E+00,1
 1.1143E+00,1
 1.1123E+00,1
 1.1123E+00,1
 1.1113E+00,1
 1.1094E+00,1
 1.1133E+00,1
 1.1143E+00,1
 1.1143E+00,1
 1.1064E+00,1
 1.0938E+00,1
 1.0898E+00,1
 1.0840E+00,1
 1.0801E+00,1
 1.0771E+00,1
 1.0771E+00,1
 1.0742E+00,1
 1.0713E+00,1
 1.0723E+00,1
 1.0723E+00,1
 1.0703E+00,1
 1.0674E+00,1
 1.0674E+00,1
 1.0684E+00,1
 1.0645E+00,1
 1.0674E+00,1
 1.0703E+00,1
 1.0703E+00,1
 1.0684E+00,1
 1.0684E+00,1
 1.0693E+00,1
 1.0654E+00,1
 1.0654E+00,1
 1.0693E+00,1
 1.0703E+00,1
 1.0664E+00,1
 1.0645E+00,1
 1.0684E+00,1
 1.0693E+00,1
 1.0664E+00,1
 1.0654E+00,1
 1.0664E+00,1
 1.0645E+00,1
 1.0635E+00,1
 1.0684E+00,1
 1.0645E+00,1
 1.0654E+00,1
 1.0645E+00,1
 1.0615E+00,1
 1.0625E+00,1
 1.0635E+00,1
 1.0615E+00,1
 1.0625E+00,1
 1.0635E+00,1
 1.0635E+00,1
 1.0625E+00,1
 1.0635E+00,1
 1.0645E+00,1
 1.0605E+00,1
 1.0605E+00,1
 1.0596E+00,1
 1.0596E+00,1
 1.0586E+00,1
 1.0596E+00,1
 1.0596E+00,1
 1.0605E+00,1
 1.0596E+00,1
 1.0596E+00,1
 1.0615E+00,1
 1.0576E+00,1
 1.0527E+00,1
 1.0566E+00,1
 1.0576E+00,1
 1.0576E+00,1
 1.0635E+00,1
 1.0693E+00,1
 1.0713E+00,1
 1.0713E+00,1
 1.0723E+00,1
 1.0693E+00,1
 1.0684E+00,1
 1.0693E+00,1
 1.0713E+00,1
 1.0723E+00,1
 1.0693E+00,1
 1.0664E+00,1
 1.0684E+00,1
 1.0693E+00,1
 1.0674E+00,1
 1.0674E+00,1
 1.0664E+00,1
 1.0684E+00,1
 1.0684E+00,1
 1.0703E+00,1
 1.0713E+00,1
 1.0684E+00,1
 1.0664E+00,1
 1.0674E+00,1
