 1.0684E+00,3,1,1,11-21-17,14:59:53
 1.0674E+00,1
 1.0693E+00,1
 1.0654E+00,1
 1.0664E+00,1
 1.0703E+00,1
 1.0664E+00,1
 1.0674E+00,1
 1.0654E+00,1
 1.0664E+00,1
 1.0664E+00,1
 1.0684E+00,1
 1.0674E+00,1
 1.0664E+00,1
 1.0693E+00,1
 1.0635E+00,1
 1.0664E+00,1
 1.0654E+00,1
 1.0645E+00,1
 1.0654E+00,1
 1.0674E+00,1
 1.0664E+00,1
 1.0654E+00,1
 1.0635E+00,1
 1.0615E+00,1
 1.0654E+00,1
 1.0664E+00,1
 1.0684E+00,1
 1.0654E+00,1
 1.0654E+00,1
 1.0635E+00,1
 1.0635E+00,1
 1.0654E+00,1
 1.0674E+00,1
 1.0645E+00,1
 1.0635E+00,1
 1.0645E+00,1
 1.0635E+00,1
 1.0635E+00,1
 1.0645E+00,1
 1.0635E+00,1
 1.0645E+00,1
 1.0635E+00,1
 1.0625E+00,1
 1.0635E+00,1
 1.0654E+00,1
 1.0664E+00,1
 1.0635E+00,1
 1.0596E+00,1
 1.0605E+00,1
 1.0625E+00,1
 1.0615E+00,1
 1.0596E+00,1
 1.0664E+00,1
 1.0664E+00,1
 1.0615E+00,1
 1.0635E+00,1
 1.0605E+00,1
 1.0586E+00,1
 1.0635E+00,1
 1.0664E+00,1
 1.0605E+00,1
 1.0635E+00,1
 1.0615E+00,1
 1.0605E+00,1
 1.0615E+00,1
 1.0625E+00,1
 1.0605E+00,1
 1.0625E+00,1
 1.0625E+00,1
 1.0596E+00,1
 1.0615E+00,1
 1.0576E+00,1
 1.0586E+00,1
 1.0615E+00,1
 1.0586E+00,1
 1.0605E+00,1
 1.0605E+00,1
 1.0596E+00,1
 1.0586E+00,1
 1.0586E+00,1
 1.0605E+00,1
 1.0625E+00,1
 1.0576E+00,1
 1.0566E+00,1
 1.0605E+00,1
 1.0625E+00,1
 1.0596E+00,1
 1.0586E+00,1
 1.0576E+00,1
 1.0576E+00,1
 1.0596E+00,1
 1.0596E+00,1
 1.0576E+00,1
 1.0586E+00,1
 1.0576E+00,1
 1.0557E+00,1
 1.0566E+00,1
 1.0566E+00,1
 1.0596E+00,1
 1.0576E+00,1
 1.0547E+00,1
 1.0596E+00,1
 1.0576E+00,1
 1.0576E+00,1
 1.0566E+00,1
 1.0537E+00,1
 1.0557E+00,1
 1.0605E+00,1
 1.0586E+00,1
 1.0518E+00,1
 1.0566E+00,1
 1.0547E+00,1
 1.0547E+00,1
 1.0576E+00,1
 1.0576E+00,1
 1.0557E+00,1
 1.0557E+00,1
 1.0527E+00,1
 1.0547E+00,1
 1.0537E+00,1
 1.0527E+00,1
 1.0586E+00,1
 1.0537E+00,1
 1.0518E+00,1
 1.0537E+00,1
 1.0518E+00,1
 1.0557E+00,1
 1.0557E+00,1
 1.0557E+00,1
 1.0557E+00,1
 1.0527E+00,1
 1.0518E+00,1
 1.0537E+00,1
 1.0527E+00,1
 1.0518E+00,1
 1.0537E+00,1
 1.0547E+00,1
 1.0508E+00,1
 1.0508E+00,1
 1.0547E+00,1
 1.0527E+00,1
 1.0527E+00,1
 1.0537E+00,1
 1.0566E+00,1
 1.0518E+00,1
 1.0508E+00,1
 1.0508E+00,1
 1.0498E+00,1
 1.0508E+00,1
 1.0537E+00,1
 1.0508E+00,1
 1.0469E+00,1
 1.0479E+00,1
 1.0518E+00,1
 1.0518E+00,3,2,0,11-21-17,15:02:28,"50UL SUCCINATE"
 1.0498E+00,1
 1.0508E+00,1
 1.0488E+00,1
 1.0508E+00,1
 1.0508E+00,1
 1.0508E+00,1
 1.0508E+00,1
 1.0518E+00,1
 1.0537E+00,1
 1.0488E+00,1
 1.0479E+00,1
 1.0479E+00,1
 1.0498E+00,1
 1.0518E+00,1
 1.0479E+00,1
 1.0498E+00,1
 1.0498E+00,1
 1.0449E+00,1
 1.0498E+00,1
 1.0488E+00,1
 1.0469E+00,1
 1.0488E+00,1
 1.0498E+00,1
 1.0459E+00,1
 1.0488E+00,1
 1.0449E+00,1
 1.0439E+00,1
 1.0508E+00,1
 1.0479E+00,1
 1.0459E+00,1
 1.0459E+00,1
 1.0430E+00,1
 1.0430E+00,1
 1.0439E+00,1
 1.0469E+00,1
 1.0459E+00,1
 1.0439E+00,1
 1.0439E+00,1
 1.0439E+00,1
 1.0430E+00,1
 1.0439E+00,1
 1.0459E+00,1
 1.0439E+00,1
 1.0420E+00,1
 1.0400E+00,1
 1.0410E+00,1
 1.0420E+00,1
 1.0400E+00,1
 1.0391E+00,1
 1.0410E+00,1
 1.0400E+00,1
 1.0381E+00,1
 1.0400E+00,1
 1.0420E+00,1
 1.0391E+00,1
 1.0381E+00,1
 1.0381E+00,1
 1.0361E+00,1
 1.0381E+00,1
 1.0371E+00,1
 1.0391E+00,1
 1.0391E+00,1
 1.0352E+00,1
 1.0361E+00,1
 1.0371E+00,1
 1.0352E+00,1
 1.0391E+00,1
 1.0352E+00,1
 1.0361E+00,1
 1.0371E+00,1
 1.0381E+00,1
 1.0322E+00,1
 1.0322E+00,1
 1.0361E+00,1
 1.0332E+00,1
 1.0352E+00,1
 1.0342E+00,1
 1.0322E+00,1
 1.0342E+00,1
 1.0313E+00,1
 1.0322E+00,1
 1.0361E+00,1
 1.0313E+00,1
 1.0313E+00,1
 1.0303E+00,1
 1.0303E+00,1
 1.0322E+00,1
 1.0313E+00,1
 1.0293E+00,1
 1.0322E+00,1
 1.0303E+00,1
 1.0303E+00,1
 1.0303E+00,1
 1.0264E+00,1
 1.0293E+00,1
 1.0322E+00,1
 1.0283E+00,1
 1.0273E+00,1
 1.0303E+00,1
 1.0273E+00,1
 1.0283E+00,1
 1.0293E+00,1
 1.0264E+00,1
 1.0293E+00,1
 1.0273E+00,1
 1.0264E+00,1
 1.0283E+00,1
 1.0264E+00,1
 1.0264E+00,1
 1.0273E+00,1
 1.0273E+00,1
 1.0264E+00,1
 1.0254E+00,1
 1.0225E+00,1
 1.0244E+00,1
 1.0254E+00,1
 1.0264E+00,1
 1.0244E+00,1
 1.0264E+00,1
 1.0244E+00,1
 1.0186E+00,1
 1.0234E+00,1
 1.0254E+00,1
 1.0234E+00,1
 1.0225E+00,1
 1.0225E+00,1
 1.0225E+00,1
 1.0215E+00,1
 1.0225E+00,1
 1.0254E+00,1
 1.0225E+00,1
 1.0205E+00,1
 1.0186E+00,1
 1.0205E+00,1
 1.0215E+00,1
 1.0195E+00,1
 1.0195E+00,1
 1.0205E+00,1
 1.0215E+00,1
 1.0215E+00,1
 1.0205E+00,1
 1.0186E+00,1
 1.0156E+00,1
 1.0186E+00,1
 1.0176E+00,1
 1.0186E+00,1
 1.0166E+00,1
 1.0195E+00,1
 1.0176E+00,1
 1.0186E+00,1
 1.0156E+00,1
 1.0156E+00,1
 1.0166E+00,1
 1.0156E+00,1
 1.0186E+00,1
 1.0166E+00,1
 1.0146E+00,1
 1.0146E+00,1
 1.0137E+00,1
 1.0186E+00,1
 1.0137E+00,1
 1.0146E+00,1
 1.0166E+00,1
 1.0156E+00,1
 1.0117E+00,1
 1.0137E+00,1
 1.0156E+00,1
 1.0137E+00,1
 1.0156E+00,1
 1.0146E+00,1
 1.0107E+00,1
 1.0137E+00,1
 1.0107E+00,1
 1.0166E+00,1
 1.0146E+00,1
 1.0117E+00,1
 1.0117E+00,1
 1.0098E+00,1
 1.0107E+00,1
 1.0107E+00,1
 1.0098E+00,1
 1.0117E+00,1
 1.0107E+00,1
 1.0078E+00,1
 1.0107E+00,1
 1.0088E+00,1
 1.0098E+00,1
 1.0107E+00,1
 1.0078E+00,1
 1.0088E+00,1
 1.0098E+00,1
 1.0107E+00,1
 1.0107E+00,1
 1.0078E+00,1
 1.0098E+00,1
 1.0078E+00,1
 1.0088E+00,1
 1.0078E+00,1
 1.0059E+00,1
 1.0107E+00,1
 1.0098E+00,1
 1.0078E+00,1
 1.0078E+00,1
 1.0068E+00,1
 1.0078E+00,1
 1.0078E+00,1
 1.0059E+00,1
 1.0088E+00,1
 1.0049E+00,1
 1.0059E+00,1
 1.0068E+00,1
 1.0068E+00,1
 1.0078E+00,1
 1.0039E+00,1
 1.0049E+00,1
 1.0039E+00,1
 1.0020E+00,1
 1.0039E+00,1
 1.0049E+00,1
 1.0059E+00,1
 1.0029E+00,1
 1.0010E+00,1
 1.0020E+00,1
 1.0039E+00,1
 1.0039E+00,1
 1.0039E+00,1
 1.0020E+00,1
 1.0029E+00,1
 1.0039E+00,1
 1.0020E+00,1
 1.0000E+00,1
 1.0020E+00,1
 1.0029E+00,1
 1.0010E+00,1
 1.0000E+00,1
 1.0029E+00,1
 1.0020E+00,1
 1.0010E+00,1
 9.9902E-01,1
 1.0010E+00,1
 1.0039E+00,1
 1.0000E+00,1
 1.0000E+00,1
 1.0010E+00,1
 1.0020E+00,1
 1.0010E+00,1
 9.9707E-01,1
 9.9805E-01,1
 1.0000E+00,1
 9.9805E-01,1
 1.0010E+00,1
 1.0020E+00,1
 9.9707E-01,1
 9.9609E-01,1
 9.9707E-01,1
 1.0039E+00,1
 1.0000E+00,1
 9.9414E-01,1
 9.9609E-01,1
 9.9707E-01,1
 1.0010E+00,1
 1.0010E+00,1
 9.9707E-01,1
 9.9609E-01,1
 9.9707E-01,1
 9.9805E-01,1
 9.9414E-01,1
 9.9707E-01,1
 9.9609E-01,1
 9.9609E-01,1
 9.9609E-01,1
 9.9414E-01,1
 9.9805E-01,1
 9.9707E-01,1
 9.9805E-01,1
 9.9609E-01,1
 9.9316E-01,1
 9.9121E-01,1
 9.9121E-01,1
 9.9512E-01,1
 9.9707E-01,1
 9.9707E-01,1
 9.9316E-01,1
 9.9414E-01,1
 9.9414E-01,1
 9.9121E-01,1
 9.9414E-01,1
 1.0029E+00,1
 1.0039E+00,1
 9.8926E-01,1
 9.8535E-01,1
 9.8730E-01,1
 9.8438E-01,1
 9.7754E-01,1
 9.6582E-01,1
 9.5117E-01,1
 9.3652E-01,1
 9.1797E-01,1
 8.9453E-01,1
 8.6719E-01,1
 8.4570E-01,1
 8.2910E-01,1
 8.0469E-01,1
 7.8906E-01,1
 7.6953E-01,1
 7.5293E-01,1
 7.3730E-01,1
 7.1777E-01,1
 7.1094E-01,1
 6.9824E-01,1
 6.8848E-01,1
 6.7676E-01,1
 6.6406E-01,1
 6.5625E-01,1
 6.4453E-01,1
 6.4355E-01,1
 6.3184E-01,1
 6.2207E-01,1
 6.1914E-01,1
 6.1035E-01,1
 6.1133E-01,1
 6.0156E-01,1
 5.9668E-01,1
 5.9180E-01,1
 5.8594E-01,1
 5.8691E-01,1
 5.8105E-01,1
 5.7813E-01,1
 5.7617E-01,1
 5.6934E-01,1
 5.6934E-01,1
 5.6445E-01,1
 5.6445E-01,1
 5.6445E-01,1
 5.6055E-01,1
 5.5859E-01,1
 5.5273E-01,1
 5.5469E-01,1
 5.5371E-01,1
 5.5273E-01,1
 5.4883E-01,1
 5.4492E-01,1
 5.4590E-01,1
 5.4785E-01,1
 5.4492E-01,1
 5.4004E-01,1
 5.4102E-01,1
 5.4199E-01,1
 5.4199E-01,1
 5.3809E-01,1
 5.4004E-01,1
 5.4102E-01,1
 5.3809E-01,1
 5.3418E-01,1
 5.3906E-01,1
 5.3906E-01,1
 5.3711E-01,1
 5.3418E-01,1
 5.4688E-01,1
 6.0059E-01,1
 6.6406E-01,1
 6.9434E-01,1
 6.9922E-01,1
 6.7871E-01,1
 6.2598E-01,1
 5.7227E-01,1
 5.2246E-01,1
 4.7266E-01,1
 4.3750E-01,1
 4.0820E-01,1
 3.8086E-01,1
 3.5742E-01,1
 3.4375E-01,1
 3.3398E-01,1
 3.1836E-01,1
 3.1055E-01,1
 3.0371E-01,1
 2.9688E-01,1
 2.9004E-01,1
 2.8418E-01,1
 2.8027E-01,1
 2.7051E-01,1
 2.6758E-01,1
 2.6367E-01,1
 2.5879E-01,1
 2.5586E-01,1
 2.5000E-01,1
 2.4805E-01,1
 2.4121E-01,1
 2.4121E-01,1
 2.3730E-01,1
 2.2949E-01,1
 2.3047E-01,1
 2.2656E-01,1
 2.2559E-01,1
 2.2461E-01,1
 2.2168E-01,1
 2.1973E-01,1
 2.1680E-01,1
 2.1680E-01,1
 2.1387E-01,1
 2.1387E-01,1
 2.1191E-01,1
 2.1094E-01,1
 2.0703E-01,1
 2.0703E-01,1
 2.0703E-01,1
 2.0703E-01,1
 2.0703E-01,1
 2.0410E-01,1
 2.0508E-01,1
 2.0410E-01,1
 2.0410E-01,1
 2.0020E-01,1
 1.9922E-01,1
 1.9922E-01,1
 1.9824E-01,1
 1.9531E-01,1
 1.9824E-01,1
 1.9629E-01,1
 1.9238E-01,1
 1.9434E-01,1
 1.9629E-01,1
 1.9434E-01,1
 1.9141E-01,1
 1.9043E-01,1
 1.9238E-01,1
 1.9043E-01,1
 1.8848E-01,1
 1.8848E-01,1
 1.9043E-01,1
 1.8750E-01,1
 1.8555E-01,1
 1.9043E-01,1
 1.8750E-01,1
 1.8457E-01,1
 1.8457E-01,1
 1.8848E-01,1
 1.8262E-01,1
 1.8555E-01,1
 1.8652E-01,1
 1.8555E-01,1
 1.8262E-01,1
 1.8164E-01,1
 1.8262E-01,1
 1.8066E-01,1
 1.8262E-01,1
 1.8262E-01,1
 1.8066E-01,1
 1.7676E-01,1
 1.8066E-01,1
 1.8359E-01,1
 1.8066E-01,1
 1.7871E-01,1
 1.8066E-01,1
 1.7871E-01,1
 1.7773E-01,1
 1.7871E-01,1
 1.7871E-01,1
 1.7871E-01,1
 1.7578E-01,1
 1.7871E-01,1
 1.7578E-01,1
 1.7773E-01,1
 1.7773E-01,1
 1.7871E-01,1
 1.7773E-01,1
 1.7773E-01,1
 1.7578E-01,1
 1.7773E-01,1
 1.7871E-01,1
 1.7480E-01,1
 1.7578E-01,1
 1.7676E-01,1
 1.7676E-01,1
 1.7480E-01,1
 1.7676E-01,1
 1.7578E-01,1
 1.7480E-01,1
 1.7480E-01,1
 1.7578E-01,1
 1.7676E-01,1
 1.7383E-01,1
 1.7676E-01,1
 1.7578E-01,1
 1.7480E-01,1
 1.7676E-01,1
 1.7676E-01,1
 1.7578E-01,1
 1.7383E-01,1
 1.7480E-01,1
 1.7578E-01,1
 1.7285E-01,1
 1.7383E-01,1
 1.7383E-01,1
 1.7188E-01,1
 1.7285E-01,1
 1.7383E-01,1
 1.7285E-01,1
 1.6992E-01,1
 1.7090E-01,1
 1.7188E-01,1
 1.6992E-01,1
 1.6992E-01,1
 1.6895E-01,1
 1.6895E-01,1
 1.6699E-01,1
 1.6797E-01,1
 1.6699E-01,1
 1.6797E-01,1
 1.6797E-01,1
 1.6699E-01,1
 1.6309E-01,1
 1.6797E-01,1
 1.6602E-01,1
 1.6406E-01,1
 1.6406E-01,1
 1.6602E-01,1
 1.6406E-01,1
 1.6602E-01,1
 1.6211E-01,1
 1.6113E-01,1
 1.6309E-01,1
 1.6309E-01,1
 1.6211E-01,1
 1.6309E-01,1
 1.6211E-01,1
 1.6211E-01,1
 1.6211E-01,1
 1.6113E-01,1
 1.6113E-01,1
 1.6211E-01,1
 1.6016E-01,1
 1.6016E-01,1
 1.6016E-01,1
 1.5918E-01,1
 1.6211E-01,1
 1.5918E-01,1
 1.6016E-01,1
 1.5820E-01,1
 1.5820E-01,1
 1.5723E-01,1
 1.5918E-01,1
 1.5723E-01,1
 1.5723E-01,1
 1.5527E-01,1
 1.6016E-01,1
 1.5820E-01,1
 1.5918E-01,1
 1.5723E-01,1
 1.5625E-01,1
 1.5527E-01,1
 1.5723E-01,1
 1.5723E-01,1
 1.5918E-01,1
 1.5234E-01,1
 1.5527E-01,1
 1.5527E-01,1
 1.5723E-01,1
 1.5625E-01,1
 1.5625E-01,1
 1.5430E-01,1
 1.5332E-01,1
 1.5625E-01,1
 1.5723E-01,1
 1.5625E-01,1
 1.5430E-01,1
 1.5430E-01,1
 1.5430E-01,1
 1.5625E-01,1
 1.5332E-01,1
 1.5527E-01,1
 1.5430E-01,1
 1.5430E-01,1
 1.5430E-01,1
 1.5332E-01,1
 1.5137E-01,1
 1.5039E-01,1
 1.5430E-01,1
 1.5234E-01,1
 1.5039E-01,1
 1.5234E-01,1
 1.5332E-01,1
 1.5137E-01,1
 1.5234E-01,1
 1.6113E-01,1
 1.8945E-01,1
 2.5098E-01,1
 3.1543E-01,1
 3.7109E-01,1
 4.1895E-01,1
 4.5898E-01,1
 4.9414E-01,1
 5.1660E-01,1
 5.3223E-01,1
 5.4297E-01,1
 5.4785E-01,1
 5.5176E-01,1
 5.5566E-01,1
 5.5664E-01,1
 5.5859E-01,1
 5.6152E-01,1
 5.6543E-01,1
 5.7324E-01,1
 5.8301E-01,1
 5.9375E-01,1
 6.0938E-01,1
 6.2695E-01,1
 6.3574E-01,1
 6.4941E-01,1
 6.6211E-01,1
 6.6797E-01,1
 6.7090E-01,1
 6.7773E-01,1
 6.8750E-01,1
 6.8750E-01,1
 6.8945E-01,1
 6.9141E-01,1
 6.9141E-01,1
 6.8848E-01,1
 6.8066E-01,1
 6.7480E-01,1
 6.7090E-01,1
 6.6309E-01,1
 6.5723E-01,1
 6.4844E-01,1
 6.4453E-01,1
 6.4746E-01,1
 6.5723E-01,1
 6.6406E-01,1
 6.7383E-01,1
 6.7676E-01,1
 6.8359E-01,1
 6.8750E-01,1
 6.9238E-01,1
 6.9043E-01,1
 6.9629E-01,1
 6.9629E-01,1
 7.0117E-01,1
 6.9727E-01,1
 6.9922E-01,1
 6.9531E-01,1
 6.9824E-01,1
 6.9824E-01,1
 7.0313E-01,1
 7.0020E-01,1
 7.1094E-01,1
 7.5098E-01,1
 7.8906E-01,1
 8.0273E-01,1
 8.0566E-01,1
 7.9688E-01,1
 7.8809E-01,1
 7.7539E-01,1
 7.7734E-01,1
 7.9395E-01,1
 8.2422E-01,1
 8.6133E-01,1
 9.0039E-01,1
 9.3066E-01,1
 9.5605E-01,1
 9.7754E-01,1
 9.9609E-01,1
 1.0020E+00,1
 1.0166E+00,1
 1.0195E+00,1
 1.0264E+00,1
 1.0313E+00,1
 1.0371E+00,1
 1.0361E+00,1
 1.0371E+00,1
 1.0400E+00,1
 1.0449E+00,1
 1.0488E+00,1
 1.0508E+00,1
 1.0518E+00,1
 1.0547E+00,1
 1.0527E+00,1
 1.0586E+00,1
 1.0576E+00,1
 1.0586E+00,1
 1.0547E+00,1
 1.0586E+00,1
 1.0605E+00,1
 1.0635E+00,1
 1.0586E+00,1
 1.0615E+00,1
 1.0605E+00,1
 1.0674E+00,1
 1.0654E+00,1
 1.0664E+00,1
 1.0645E+00,1
 1.0684E+00,1
 1.0684E+00,1
 1.0713E+00,1
 1.0674E+00,1
 1.0674E+00,1
 1.0684E+00,1
 1.0742E+00,1
 1.0723E+00,1
 1.0732E+00,1
 1.0693E+00,1
 1.0723E+00,1
 1.0752E+00,1
 1.0762E+00,1
 1.0752E+00,1
 1.0732E+00,1
 1.0771E+00,1
 1.0791E+00,1
 1.0762E+00,1
 1.0762E+00,1
 1.0771E+00,1
 1.0781E+00,1
 1.0801E+00,1
 1.0771E+00,1
 1.0791E+00,1
 1.0801E+00,1
 1.0830E+00,1
 1.0801E+00,1
 1.0801E+00,1
 1.0771E+00,1
 1.0820E+00,1
 1.0820E+00,1
 1.0840E+00,1
 1.0801E+00,1
 1.0791E+00,1
 1.0830E+00,1
 1.0840E+00,1
 1.0830E+00,1
 1.0801E+00,1
 1.0791E+00,1
 1.0830E+00,1
 1.0869E+00,1
 1.0869E+00,1
 1.0850E+00,1
 1.0840E+00,1
 1.0850E+00,1
 1.0859E+00,1
 1.0840E+00,1
 1.0898E+00,1
 1.0850E+00,1
 1.0859E+00,1
 1.0840E+00,1
 1.0869E+00,1
 1.0859E+00,1
 1.0908E+00,1
 1.0850E+00,1
 1.0869E+00,1
 1.0869E+00,1
 1.0898E+00,1
 1.0889E+00,1
 1.0869E+00,1
 1.0869E+00,1
 1.0869E+00,1
 1.0908E+00,1
 1.0879E+00,1
 1.0869E+00,1
 1.0879E+00,1
 1.0918E+00,1
 1.0898E+00,1
 1.0918E+00,1
 1.0859E+00,1
 1.0879E+00,1
 1.0889E+00,1
 1.0928E+00,1
 1.0898E+00,1
 1.0889E+00,1
 1.0879E+00,1
 1.0889E+00,1
 1.0908E+00,1
 1.0898E+00,1
 1.0889E+00,1
 1.0859E+00,1
 1.0898E+00,1
 1.0908E+00,1
 1.0908E+00,1
 1.0889E+00,1
 1.0859E+00,1
 1.0752E+00,1
 1.0732E+00,1
 1.0713E+00,1
 1.0713E+00,1
 1.0684E+00,1
 1.0713E+00,1
 1.0713E+00,1
 1.0684E+00,1
 1.0693E+00,1
 1.0693E+00,1
 1.0713E+00,1
 1.0703E+00,1
