 1.0654E+00,3,1,1,12-06-17,15:29:09
 1.0664E+00,1
 1.0654E+00,1
 1.0654E+00,1
 1.0654E+00,1
 1.0664E+00,1
 1.0635E+00,1
 1.0684E+00,1
 1.0645E+00,1
 1.0674E+00,1
 1.0654E+00,1
 1.0693E+00,1
 1.0625E+00,1
 1.0664E+00,1
 1.0645E+00,1
 1.0674E+00,1
 1.0654E+00,1
 1.0635E+00,1
 1.0654E+00,1
 1.0625E+00,1
 1.0674E+00,1
 1.0625E+00,1
 1.0654E+00,1
 1.0625E+00,1
 1.0664E+00,1
 1.0625E+00,1
 1.0615E+00,1
 1.0664E+00,1
 1.0625E+00,1
 1.0664E+00,1
 1.0635E+00,1
 1.0674E+00,1
 1.0615E+00,1
 1.0645E+00,1
 1.0625E+00,1
 1.0654E+00,1
 1.0635E+00,1
 1.0615E+00,1
 1.0654E+00,1
 1.0625E+00,1
 1.0635E+00,1
 1.0596E+00,1
 1.0635E+00,1
 1.0645E+00,1
 1.0615E+00,1
 1.0635E+00,1
 1.0615E+00,1
 1.0645E+00,1
 1.0605E+00,1
 1.0635E+00,1
 1.0615E+00,1
 1.0596E+00,1
 1.0625E+00,1
 1.0596E+00,1
 1.0645E+00,1
 1.0596E+00,1
 1.0615E+00,1
 1.0615E+00,1
 1.0605E+00,1
 1.0615E+00,1
 1.0596E+00,1
 1.0625E+00,1
 1.0576E+00,1
 1.0596E+00,1
 1.0625E+00,1
 1.0576E+00,1
 1.0635E+00,1
 1.0566E+00,1
 1.0635E+00,1
 1.0605E+00,1
 1.0576E+00,1
 1.0615E+00,1
 1.0586E+00,1
 1.0586E+00,1
 1.0586E+00,1
 1.0586E+00,1
 1.0605E+00,1
 1.0557E+00,1
 1.0586E+00,1
 1.0596E+00,1
 1.0576E+00,1
 1.0586E+00,1
 1.0566E+00,1
 1.0586E+00,1
 1.0576E+00,1
 1.0566E+00,1
 1.0615E+00,1
 1.0557E+00,1
 1.0576E+00,1
 1.0576E+00,1
 1.0576E+00,1
 1.0576E+00,1
 1.0547E+00,1
 1.0566E+00,1
 1.0547E+00,1
 1.0537E+00,1
 1.0566E+00,1
 1.0566E+00,1
 1.0557E+00,1
 1.0566E+00,1
 1.0557E+00,1
 1.0576E+00,1
 1.0547E+00,1
 1.0566E+00,1
 1.0547E+00,1
 1.0527E+00,1
 1.0557E+00,1
 1.0518E+00,1
 1.0557E+00,1
 1.0527E+00,1
 1.0518E+00,1
 1.0566E+00,1
 1.0527E+00,1
 1.0527E+00,1
 1.0547E+00,1
 1.0518E+00,1
 1.0557E+00,1
 1.0537E+00,1
 1.0518E+00,1
 1.0547E+00,1
 1.0527E+00,1
 1.0518E+00,1
 1.0547E+00,1
 1.0498E+00,1
 1.0527E+00,1
 1.0527E+00,1
 1.0518E+00,1
 1.0557E+00,1
 1.0488E+00,1
 1.0498E+00,1
 1.0518E+00,1
 1.0479E+00,1
 1.0498E+00,1
 1.0518E+00,3,2,0,12-06-17,15:31:22,"50ul succinate"
 1.0508E+00,1
 1.0518E+00,1
 1.0498E+00,1
 1.0518E+00,1
 1.0527E+00,1
 1.0488E+00,1
 1.0527E+00,1
 1.0518E+00,1
 1.0488E+00,1
 1.0527E+00,1
 1.0527E+00,1
 1.0508E+00,1
 1.0547E+00,1
 1.0498E+00,1
 1.0508E+00,1
 1.0557E+00,1
 1.0498E+00,1
 1.0547E+00,1
 1.0547E+00,1
 1.0479E+00,1
 1.0518E+00,1
 1.0527E+00,1
 1.0488E+00,1
 1.0537E+00,1
 1.0488E+00,1
 1.0508E+00,1
 1.0547E+00,1
 1.0498E+00,1
 1.0498E+00,1
 1.0527E+00,1
 1.0479E+00,1
 1.0498E+00,1
 1.0518E+00,1
 1.0498E+00,1
 1.0498E+00,1
 1.0498E+00,1
 1.0498E+00,1
 1.0518E+00,1
 1.0508E+00,1
 1.0488E+00,1
 1.0498E+00,1
 1.0498E+00,1
 1.0459E+00,1
 1.0498E+00,1
 1.0459E+00,1
 1.0449E+00,1
 1.0488E+00,1
 1.0459E+00,1
 1.0469E+00,1
 1.0488E+00,1
 1.0469E+00,1
 1.0479E+00,1
 1.0518E+00,1
 1.0459E+00,1
 1.0479E+00,1
 1.0508E+00,1
 1.0449E+00,1
 1.0479E+00,1
 1.0518E+00,1
 1.0469E+00,1
 1.0479E+00,1
 1.0508E+00,1
 1.0459E+00,1
 1.0469E+00,1
 1.0498E+00,1
 1.0469E+00,1
 1.0479E+00,1
 1.0498E+00,1
 1.0449E+00,1
 1.0459E+00,1
 1.0488E+00,1
 1.0479E+00,1
 1.0449E+00,1
 1.0479E+00,1
 1.0449E+00,1
 1.0449E+00,1
 1.0479E+00,1
 1.0449E+00,1
 1.0449E+00,1
 1.0479E+00,1
 1.0430E+00,1
 1.0459E+00,1
 1.0469E+00,1
 1.0430E+00,1
 1.0420E+00,1
 1.0439E+00,1
 1.0439E+00,1
 1.0449E+00,1
 1.0469E+00,1
 1.0420E+00,1
 1.0420E+00,1
 1.0459E+00,1
 1.0439E+00,1
 1.0391E+00,1
 1.0459E+00,1
 1.0420E+00,1
 1.0400E+00,1
 1.0459E+00,1
 1.0439E+00,1
 1.0400E+00,1
 1.0400E+00,1
 1.0439E+00,1
 1.0391E+00,1
 1.0420E+00,1
 1.0439E+00,1
 1.0381E+00,1
 1.0410E+00,1
 1.0439E+00,1
 1.0420E+00,1
 1.0381E+00,1
 1.0420E+00,1
 1.0420E+00,1
 1.0361E+00,1
 1.0410E+00,1
 1.0410E+00,1
 1.0391E+00,1
 1.0371E+00,1
 1.0410E+00,1
 1.0381E+00,1
 1.0371E+00,1
 1.0381E+00,1
 1.0361E+00,1
 1.0342E+00,1
 1.0400E+00,1
 1.0361E+00,1
 1.0322E+00,1
 1.0381E+00,1
 1.0361E+00,1
 1.0352E+00,1
 1.0352E+00,1
 1.0371E+00,1
 1.0342E+00,1
 1.0313E+00,1
 1.0371E+00,1
 1.0293E+00,1
 1.0303E+00,1
 1.0342E+00,1
 1.0342E+00,1
 1.0313E+00,1
 1.0342E+00,1
 1.0361E+00,1
 1.0322E+00,1
 1.0303E+00,1
 1.0332E+00,1
 1.0322E+00,1
 1.0273E+00,1
 1.0322E+00,1
 1.0322E+00,1
 1.0283E+00,1
 1.0303E+00,1
 1.0322E+00,1
 1.0293E+00,1
 1.0273E+00,1
 1.0293E+00,1
 1.0283E+00,1
 1.0264E+00,1
 1.0303E+00,1
 1.0303E+00,1
 1.0264E+00,1
 1.0273E+00,1
 1.0293E+00,1
 1.0273E+00,1
 1.0244E+00,1
 1.0283E+00,1
 1.0273E+00,1
 1.0244E+00,1
 1.0273E+00,1
 1.0283E+00,1
 1.0234E+00,1
 1.0225E+00,1
 1.0264E+00,1
 1.0293E+00,1
 1.0234E+00,1
 1.0264E+00,1
 1.0283E+00,1
 1.0225E+00,1
 1.0205E+00,1
 1.0264E+00,1
 1.0264E+00,1
 1.0234E+00,1
 1.0215E+00,1
 1.0264E+00,1
 1.0225E+00,1
 1.0205E+00,1
 1.0244E+00,1
 1.0264E+00,1
 1.0186E+00,1
 1.0195E+00,1
 1.0234E+00,1
 1.0234E+00,1
 1.0195E+00,1
 1.0186E+00,1
 1.0225E+00,1
 1.0195E+00,1
 1.0186E+00,1
 1.0186E+00,1
 1.0195E+00,1
 1.0166E+00,1
 1.0146E+00,1
 1.0205E+00,1
 1.0186E+00,1
 1.0156E+00,1
 1.0176E+00,1
 1.0195E+00,1
 1.0176E+00,1
 1.0156E+00,1
 1.0186E+00,1
 1.0176E+00,1
 1.0156E+00,1
 1.0156E+00,1
 1.0176E+00,1
 1.0156E+00,1
 1.0146E+00,1
 1.0156E+00,1
 1.0176E+00,1
 1.0137E+00,1
 1.0146E+00,1
 1.0166E+00,1
 1.0156E+00,1
 1.0107E+00,1
 1.0146E+00,1
 1.0176E+00,1
 1.0137E+00,1
 1.0098E+00,1
 1.0137E+00,1
 1.0146E+00,1
 1.0078E+00,1
 1.0127E+00,1
 1.0186E+00,1
 1.0127E+00,1
 1.0107E+00,1
 1.0088E+00,1
 1.0137E+00,1
 1.0117E+00,1
 1.0088E+00,1
 1.0117E+00,1
 1.0137E+00,1
 1.0088E+00,1
 1.0078E+00,1
 1.0098E+00,1
 1.0098E+00,1
 1.0098E+00,1
 1.0098E+00,1
 1.0117E+00,1
 1.0117E+00,1
 1.0068E+00,1
 1.0078E+00,1
 1.0088E+00,1
 1.0098E+00,1
 1.0078E+00,1
 1.0078E+00,1
 1.0107E+00,1
 1.0088E+00,1
 1.0068E+00,1
 1.0068E+00,1
 1.0098E+00,1
 1.0088E+00,1
 1.0078E+00,1
 1.0068E+00,1
 1.0078E+00,1
 1.0049E+00,1
 1.0039E+00,1
 1.0078E+00,1
 1.0068E+00,1
 1.0049E+00,1
 1.0039E+00,1
 1.0059E+00,1
 1.0068E+00,1
 1.0039E+00,1
 1.0029E+00,1
 1.0049E+00,1
 1.0059E+00,1
 1.0020E+00,1
 1.0049E+00,1
 1.0068E+00,1
 1.0059E+00,1
 1.0029E+00,1
 1.0029E+00,1
 1.0068E+00,1
 1.0049E+00,1
 9.9902E-01,1
 1.0020E+00,1
 1.0049E+00,1
 1.0039E+00,1
 1.0020E+00,1
 1.0020E+00,1
 1.0049E+00,1
 1.0039E+00,1
 9.9805E-01,1
 9.9805E-01,1
 1.0029E+00,1
 1.0039E+00,1
 1.0010E+00,1
 1.0020E+00,1
 1.0029E+00,1
 1.0029E+00,1
 1.0010E+00,1
 9.9805E-01,1
 1.0020E+00,1
 1.0010E+00,1
 9.9707E-01,1
 1.0000E+00,1
 1.0000E+00,1
 1.0010E+00,1
 9.9609E-01,1
 9.9805E-01,1
 1.0000E+00,1
 1.0000E+00,1
 9.9609E-01,1
 9.9512E-01,1
 1.0000E+00,1
 1.0000E+00,1
 9.9609E-01,1
 9.9707E-01,1
 9.9805E-01,1
 9.9902E-01,1
 9.9512E-01,1
 9.9316E-01,1
 9.9902E-01,1
 9.9902E-01,1
 9.9414E-01,1
 9.9414E-01,1
 9.9609E-01,1
 1.0029E+00,1
 9.9609E-01,1
 9.9414E-01,1
 9.9414E-01,1
 9.9805E-01,1
 9.9707E-01,1
 9.9219E-01,1
 9.9414E-01,1
 9.9609E-01,1
 9.9707E-01,1
 9.9512E-01,1
 9.9316E-01,1
 9.9512E-01,1
 9.9609E-01,1
 9.9414E-01,1
 9.9316E-01,1
 9.9512E-01,1
 9.9512E-01,1
 9.9609E-01,1
 9.9023E-01,1
 9.9316E-01,1
 9.9316E-01,1
 9.9414E-01,1
 9.9023E-01,1
 9.8926E-01,1
 9.9512E-01,1
 9.9316E-01,1
 9.9121E-01,1
 9.8828E-01,1
 9.9609E-01,1
 9.9512E-01,1
 9.9219E-01,1
 9.8730E-01,1
 9.9023E-01,1
 9.9609E-01,1
 9.9023E-01,1
 9.8926E-01,1
 9.8535E-01,1
 9.8828E-01,1
 9.9121E-01,1
 9.8828E-01,1
 9.8633E-01,1
 9.8828E-01,1
 9.9121E-01,1
 9.8828E-01,1
 9.8340E-01,1
 9.8633E-01,1
 9.9023E-01,1
 9.9023E-01,1
 9.8633E-01,1
 9.8535E-01,1
 9.8535E-01,1
 9.8828E-01,1
 9.8926E-01,1
 9.8535E-01,1
 9.8633E-01,1
 9.8730E-01,1
 9.8926E-01,1
 9.8535E-01,1
 9.8535E-01,1
 9.8633E-01,1
 9.8926E-01,1
 9.8828E-01,1
 9.8438E-01,1
 9.8438E-01,1
 9.8828E-01,1
 9.8828E-01,1
 9.8730E-01,1
 9.8340E-01,1
 9.8633E-01,1
 9.8730E-01,1
 9.8730E-01,1
 9.8438E-01,1
 9.8438E-01,1
 9.8438E-01,1
 9.8633E-01,1
 9.8438E-01,1
 9.8242E-01,1
 9.8438E-01,1
 9.8828E-01,1
 9.8633E-01,1
 9.8340E-01,1
 9.8145E-01,1
 9.8828E-01,1
 9.8535E-01,1
 9.8242E-01,1
 9.8145E-01,1
 9.8145E-01,1
 9.8633E-01,1
 9.8535E-01,1
 9.8145E-01,1
 9.8047E-01,1
 9.8340E-01,1
 9.8730E-01,1
 9.8340E-01,1
 9.8242E-01,1
 9.8047E-01,1
 9.8633E-01,1
 9.8535E-01,1
 9.8340E-01,1
 9.7949E-01,1
 9.8145E-01,1
 9.8340E-01,1
 9.8438E-01,1
 9.8145E-01,1
 9.7949E-01,1
 9.7949E-01,1
 9.8438E-01,1
 9.8145E-01,1
 9.8047E-01,1
 9.8047E-01,1
 9.8047E-01,1
 9.8340E-01,1
 9.7852E-01,1
 9.7949E-01,1
 9.7949E-01,1
 9.8340E-01,1
 9.8047E-01,1
 9.8047E-01,1
 9.7852E-01,1
 9.8340E-01,1
 9.8340E-01,1
 9.8145E-01,1
 9.7852E-01,1
 9.7949E-01,1
 9.8340E-01,1
 9.8340E-01,1
 9.8047E-01,1
 9.7656E-01,1
 9.7754E-01,1
 9.7949E-01,1
 9.8145E-01,1
 9.7852E-01,1
 9.7754E-01,1
 9.7949E-01,1
 9.8047E-01,1
 9.8242E-01,1
 9.7656E-01,1
 9.7754E-01,1
 9.8145E-01,1
 9.8242E-01,1
 9.7852E-01,1
 9.7559E-01,1
 9.7656E-01,1
 9.8047E-01,1
 9.7852E-01,1
 9.7754E-01,1
 9.7461E-01,1
 9.7559E-01,1
 9.7949E-01,1
 9.8047E-01,1
 9.7656E-01,1
 9.7461E-01,1
 9.7461E-01,1
 9.7949E-01,1
 9.8145E-01,1
 9.7656E-01,1
 9.7656E-01,1
 9.7559E-01,1
 9.7852E-01,1
 9.7656E-01,1
 9.7266E-01,1
 9.7266E-01,1
 9.7656E-01,1
 9.7949E-01,1
 9.7949E-01,1
 9.7266E-01,1
 9.7168E-01,1
 9.7949E-01,1
 9.7656E-01,1
 9.7168E-01,1
 9.6973E-01,1
 9.7363E-01,1
 9.7754E-01,1
 9.7559E-01,1
 9.7363E-01,1
 9.6973E-01,1
 9.7363E-01,1
 9.7461E-01,1
 9.7656E-01,1
 9.7461E-01,1
 9.7070E-01,1
 9.7363E-01,1
 9.7461E-01,1
 9.7559E-01,1
 9.7266E-01,1
 9.7070E-01,1
 9.7266E-01,1
 9.7363E-01,1
 9.7461E-01,1
 9.7070E-01,1
 9.6875E-01,1
 9.7168E-01,1
 9.7559E-01,1
 9.7461E-01,1
 9.7168E-01,1
 9.6973E-01,1
 9.7070E-01,1
 9.7168E-01,1
 9.7363E-01,1
 9.6973E-01,1
 9.7168E-01,1
 9.6777E-01,1
 9.7168E-01,1
 9.7363E-01,1
 9.7168E-01,1
 9.6875E-01,1
 9.7070E-01,1
 9.7070E-01,1
 9.7266E-01,1
 9.6973E-01,1
 9.6875E-01,1
 9.7070E-01,1
 9.7266E-01,1
 9.7266E-01,1
 9.6973E-01,1
 9.6875E-01,1
 9.6973E-01,1
 9.7266E-01,1
 9.7461E-01,1
 9.7070E-01,1
 9.6875E-01,1
 9.6875E-01,1
 9.7168E-01,1
 9.7363E-01,1
 9.7070E-01,1
 9.6777E-01,1
 9.7070E-01,1
 9.7168E-01,1
 9.7266E-01,1
 9.6875E-01,1
 9.6777E-01,1
 9.6875E-01,1
 9.7266E-01,1
 9.7461E-01,1
 9.6973E-01,1
 9.6582E-01,1
 9.6484E-01,1
 9.6875E-01,1
 9.7168E-01,1
 9.6777E-01,1
 9.6680E-01,1
 9.6582E-01,1
 9.6875E-01,1
 9.6973E-01,1
 9.6973E-01,1
 9.6582E-01,1
 9.6582E-01,1
 9.6484E-01,1
 9.6777E-01,1
 9.6875E-01,1
 9.6680E-01,1
 9.6484E-01,1
 9.6484E-01,1
 9.6875E-01,1
 9.6875E-01,1
 9.6582E-01,1
 9.6191E-01,1
 9.6680E-01,1
 9.7266E-01,1
 9.7168E-01,1
 9.6582E-01,1
 9.6484E-01,1
 9.6484E-01,1
 9.6777E-01,1
 9.6680E-01,1
 9.6680E-01,1
 9.6484E-01,1
 9.6387E-01,1
 9.6582E-01,1
 9.6777E-01,1
 9.6777E-01,1
 9.6484E-01,1
 9.6582E-01,1
 9.6680E-01,1
 9.6875E-01,1
 9.6875E-01,1
 9.6387E-01,1
 9.6191E-01,1
 9.6387E-01,1
 9.6777E-01,1
 9.6777E-01,1
 9.6191E-01,1
 9.6289E-01,1
 9.6582E-01,1
 9.6680E-01,1
 9.6777E-01,1
 9.6680E-01,1
 9.6387E-01,1
 9.6484E-01,1
 9.6582E-01,1
 9.6777E-01,1
 9.6484E-01,1
 9.6289E-01,1
 9.6191E-01,1
 9.6582E-01,1
 9.6973E-01,1
 9.6680E-01,1
 9.6094E-01,1
 9.6094E-01,1
 9.6484E-01,1
 9.6680E-01,1
 9.6680E-01,1
 9.6582E-01,1
 9.6387E-01,1
 9.6387E-01,1
 9.6680E-01,1
 9.6777E-01,1
 9.6387E-01,1
 9.6191E-01,1
 9.6191E-01,1
 9.6484E-01,1
 9.6680E-01,1
 9.6387E-01,1
 9.6289E-01,1
 9.6387E-01,1
 9.6387E-01,1
 9.6777E-01,1
 9.6289E-01,1
 9.6387E-01,1
 9.6191E-01,1
 9.6387E-01,1
 9.6387E-01,1
 9.6680E-01,1
 9.6191E-01,1
 9.6289E-01,1
 9.5996E-01,1
 9.6387E-01,1
 9.6289E-01,1
 9.6387E-01,1
 9.6094E-01,1
 9.5996E-01,1
 9.6289E-01,1
 9.6484E-01,1
 9.6387E-01,1
 9.6094E-01,1
 9.5996E-01,1
 9.6191E-01,1
 9.6582E-01,1
 9.6289E-01,1
 9.6289E-01,1
 9.5801E-01,1
 9.5996E-01,1
 9.6387E-01,1
 9.6289E-01,1
 9.6387E-01,1
 9.5898E-01,1
 9.5898E-01,1
 9.6094E-01,1
 9.6484E-01,1
 9.6191E-01,1
 9.5996E-01,1
 9.5703E-01,1
 9.6094E-01,1
 9.6484E-01,1
 9.6289E-01,1
 9.6289E-01,1
 9.5801E-01,1
 9.5898E-01,1
 9.6094E-01,1
 9.6582E-01,1
 9.6289E-01,1
 9.6191E-01,1
 9.5898E-01,1
 9.6094E-01,1
 9.6191E-01,1
 9.6094E-01,1
 9.5996E-01,1
 9.5996E-01,1
 9.5898E-01,1
 9.6387E-01,1
 9.6387E-01,1
 9.6289E-01,1
 9.5801E-01,1
 9.5898E-01,1
 9.6484E-01,1
 9.6191E-01,1
 9.6191E-01,1
 9.5801E-01,1
 9.5703E-01,1
 9.5996E-01,1
 9.6289E-01,1
 9.6289E-01,1
 9.6094E-01,1
 9.5703E-01,1
 9.5605E-01,1
 9.5996E-01,1
 9.6191E-01,1
 9.6289E-01,1
 9.5703E-01,1
 9.5703E-01,1
 9.5801E-01,1
 9.6191E-01,1
 9.6191E-01,1
 9.5898E-01,1
 9.5898E-01,1
 9.5410E-01,1
 9.5801E-01,1
 9.6191E-01,1
 9.6191E-01,1
 9.5898E-01,1
 9.5703E-01,1
 9.5801E-01,1
 9.5801E-01,1
 9.5996E-01,1
 9.6289E-01,1
 9.5508E-01,1
 9.5801E-01,1
 9.6191E-01,1
 9.6094E-01,1
 9.5898E-01,1
 9.5508E-01,1
 9.5508E-01,1
 9.5801E-01,1
 9.6094E-01,1
 9.5898E-01,1
 9.5801E-01,1
 9.5508E-01,1
 9.5508E-01,1
 9.5898E-01,1
 9.5801E-01,1
 9.5898E-01,1
 9.5508E-01,1
 9.5605E-01,1
 9.5703E-01,1
 9.6094E-01,1
 9.5801E-01,1
 9.5801E-01,1
 9.5508E-01,1
 9.5703E-01,1
 9.6191E-01,1
 9.5996E-01,1
 9.5508E-01,1
 9.5313E-01,1
 9.5508E-01,1
 9.5703E-01,1
 9.6094E-01,1
 9.5996E-01,1
 9.5605E-01,1
 9.5508E-01,1
 9.5508E-01,1
 9.5605E-01,1
 9.5801E-01,1
 9.5703E-01,1
 9.5410E-01,1
 9.5410E-01,1
 9.5703E-01,1
 9.5703E-01,1
 9.5801E-01,1
 9.5410E-01,1
 9.5215E-01,1
 9.5313E-01,1
 9.5801E-01,1
 9.5801E-01,1
 9.5508E-01,1
 9.5605E-01,1
 9.5410E-01,1
 9.5508E-01,1
 9.5801E-01,1
 9.5801E-01,1
 9.5703E-01,1
 9.5313E-01,1
 9.5703E-01,1
 9.5605E-01,1
 9.5801E-01,1
 9.5605E-01,1
 9.5117E-01,1
 9.5313E-01,1
 9.5508E-01,1
 9.5801E-01,1
 9.5703E-01,1
 9.5605E-01,1
 9.5215E-01,1
 9.5410E-01,1
 9.5410E-01,1
 9.5605E-01,1
 9.5605E-01,1
 9.5410E-01,1
 9.5215E-01,1
 9.5313E-01,1
 9.5703E-01,1
 9.5801E-01,1
 9.5703E-01,1
 9.5313E-01,1
 9.5020E-01,1
 9.5605E-01,1
 9.5898E-01,1
 9.5703E-01,1
 9.5313E-01,1
 9.5313E-01,1
 9.5313E-01,1
 9.5410E-01,1
 9.5703E-01,1
 9.5508E-01,1
 9.5410E-01,1
 9.5508E-01,1
 9.5508E-01,1
 9.5508E-01,1
 9.5605E-01,1
 9.5313E-01,1
 9.5410E-01,1
 9.5410E-01,1
 9.5410E-01,1
 9.5508E-01,1
 9.5117E-01,1
 9.5117E-01,1
 9.5215E-01,1
 9.3555E-01,1
 8.7695E-01,1
 8.4473E-01,1
 8.3203E-01,1
 8.2520E-01,1
 8.1250E-01,1
 7.9688E-01,1
 7.8027E-01,1
 7.5977E-01,1
 7.4121E-01,1
 7.2559E-01,1
 7.1777E-01,1
 7.0605E-01,1
 6.9531E-01,1
 6.8750E-01,1
 6.7871E-01,1
 6.7480E-01,1
 6.6797E-01,1
 6.6406E-01,1
 6.5430E-01,1
 6.4746E-01,1
 6.4453E-01,1
 6.4063E-01,1
 6.4160E-01,1
 6.3379E-01,1
 6.3281E-01,1
 6.2695E-01,1
 6.2695E-01,1
 6.2793E-01,1
 6.2598E-01,1
 6.2305E-01,1
 6.1914E-01,1
 6.1523E-01,1
 6.1230E-01,1
 6.1523E-01,1
 6.1426E-01,1
 6.0938E-01,1
 6.0547E-01,1
 6.0254E-01,1
 6.0059E-01,1
 5.9961E-01,1
 5.9668E-01,1
 5.9766E-01,1
 5.9180E-01,1
 5.8789E-01,1
 5.8594E-01,1
 5.8398E-01,1
 5.8594E-01,1
 5.8105E-01,1
 5.7715E-01,1
 5.7422E-01,1
 5.7129E-01,1
 5.8203E-01,1
 6.0254E-01,1
 6.3184E-01,1
 6.5527E-01,1
 6.7383E-01,1
 6.9141E-01,1
 7.0508E-01,1
 7.1777E-01,1
 7.2852E-01,1
 7.3242E-01,1
 7.3828E-01,1
 7.3730E-01,1
 7.3145E-01,1
 7.3242E-01,1
 7.3047E-01,1
 7.2168E-01,1
 7.1777E-01,1
 7.2070E-01,1
 7.1582E-01,1
 7.0996E-01,1
 7.1680E-01,1
 7.1777E-01,1
 7.1777E-01,1
 7.1680E-01,1
 7.1680E-01,1
 7.1875E-01,1
 7.1777E-01,1
 7.2070E-01,1
 7.2168E-01,1
 7.1973E-01,1
 7.2168E-01,1
 7.2461E-01,1
 7.2559E-01,1
 7.2949E-01,1
 7.2949E-01,1
 7.2852E-01,1
 7.3242E-01,1
 7.2852E-01,1
 7.3242E-01,1
 7.3438E-01,1
 7.3926E-01,1
 7.4023E-01,1
 7.3926E-01,1
 7.3730E-01,1
 7.4023E-01,1
 7.4121E-01,1
 7.4316E-01,1
 7.4707E-01,1
 7.4609E-01,1
 7.4707E-01,1
 7.4609E-01,1
 7.4512E-01,1
 7.5000E-01,1
 7.4902E-01,1
 7.5195E-01,1
 7.5098E-01,1
 7.4707E-01,1
 7.4805E-01,1
 7.5293E-01,1
 7.5098E-01,1
 7.5586E-01,1
 7.5488E-01,1
 7.5488E-01,1
 7.5488E-01,1
 7.5098E-01,1
 7.5391E-01,1
 7.5684E-01,1
 7.5684E-01,1
 7.5684E-01,1
 7.5488E-01,1
 7.5293E-01,1
 7.5391E-01,1
 7.5391E-01,1
 7.5781E-01,1
 7.5781E-01,1
 7.5781E-01,1
 7.5781E-01,1
 7.5488E-01,1
 7.5391E-01,1
 7.5684E-01,1
 7.6074E-01,1
 7.5879E-01,1
 7.5879E-01,1
 7.5488E-01,1
 7.5781E-01,1
 7.5684E-01,1
 7.5586E-01,1
 7.5977E-01,1
 7.5977E-01,1
 7.5684E-01,1
 7.5684E-01,1
 7.5586E-01,1
 7.5586E-01,1
 7.5879E-01,1
 7.5879E-01,1
 7.5977E-01,1
 7.5977E-01,1
 7.5684E-01,1
 7.5586E-01,1
 7.5684E-01,1
 7.5586E-01,1
 7.6074E-01,1
 7.6172E-01,1
 7.5879E-01,1
 7.5879E-01,1
 7.5781E-01,1
 7.5781E-01,1
 7.5879E-01,1
 7.5977E-01,1
 7.5879E-01,1
 7.6074E-01,1
 7.5977E-01,1
 7.5684E-01,1
 7.5977E-01,1
 7.5879E-01,1
 7.5781E-01,1
 7.6172E-01,1
 7.6074E-01,1
 7.5977E-01,1
 7.5781E-01,1
 7.5781E-01,1
 7.5879E-01,1
 7.6172E-01,1
 7.6074E-01,1
 7.6074E-01,1
 7.6172E-01,1
 7.5879E-01,1
 7.5684E-01,1
 7.5879E-01,1
 7.5684E-01,1
 7.5977E-01,1
 7.5977E-01,1
 7.6074E-01,1
 7.5781E-01,1
 7.5781E-01,1
 7.5684E-01,1
 7.5684E-01,1
 7.5879E-01,1
 7.5879E-01,1
 7.6074E-01,1
 7.6172E-01,1
 7.5879E-01,1
 7.5684E-01,1
 7.5781E-01,1
 7.5586E-01,1
 7.5781E-01,1
 7.6074E-01,1
 7.6074E-01,1
 7.5879E-01,1
 7.5879E-01,1
 7.5684E-01,1
 7.5684E-01,1
 7.5879E-01,1
 7.5977E-01,1
 7.6074E-01,1
 7.5879E-01,1
 7.5684E-01,1
 7.5586E-01,1
 7.5684E-01,1
 7.5684E-01,1
 7.5781E-01,1
 7.6172E-01,1
 7.5977E-01,1
 7.5977E-01,1
 7.5879E-01,1
 7.5684E-01,1
 7.5391E-01,1
 7.5781E-01,1
 7.5879E-01,1
 7.5781E-01,1
 7.5977E-01,1
 7.5488E-01,1
 7.5586E-01,1
 7.5586E-01,1
 7.5488E-01,1
 7.5684E-01,1
 7.5879E-01,1
 7.5977E-01,1
 7.5684E-01,1
 7.5781E-01,1
 7.5586E-01,1
 7.5293E-01,1
 7.5488E-01,1
 7.5879E-01,1
 7.5684E-01,1
 7.5781E-01,1
 7.5879E-01,1
 7.5391E-01,1
 7.5293E-01,1
 7.5586E-01,1
 7.5391E-01,1
 7.5488E-01,1
 7.5684E-01,1
 7.5781E-01,1
 7.5586E-01,1
 7.5586E-01,1
 7.5391E-01,1
 7.5098E-01,1
 7.5391E-01,1
 7.5781E-01,1
 7.5586E-01,1
 7.5684E-01,1
 7.5684E-01,1
 7.5098E-01,1
 7.5098E-01,1
 7.5391E-01,1
 7.5098E-01,1
 7.5293E-01,1
 7.5684E-01,1
 7.5586E-01,1
 7.5391E-01,1
 7.5391E-01,1
 7.5098E-01,1
 7.5000E-01,1
 7.5293E-01,1
 7.5391E-01,1
 7.5391E-01,1
 7.5586E-01,1
 7.5488E-01,1
 7.5098E-01,1
 7.4902E-01,1
 7.5293E-01,1
 7.5098E-01,1
 7.5195E-01,1
 7.5391E-01,1
 7.5391E-01,1
 7.5293E-01,1
 7.5293E-01,1
 7.5098E-01,1
 7.4805E-01,1
 7.4902E-01,1
 7.5293E-01,1
 7.5293E-01,1
 7.5391E-01,1
 7.5391E-01,1
 7.5098E-01,1
 7.4902E-01,1
 7.5000E-01,1
 7.5000E-01,1
 7.5098E-01,1
 7.5391E-01,1
 7.5391E-01,1
 7.5195E-01,1
 7.5098E-01,1
 7.5000E-01,1
 7.4902E-01,1
 7.4707E-01,1
 7.5000E-01,1
 7.5293E-01,1
 7.5195E-01,1
 7.5293E-01,1
 7.5098E-01,1
 7.4707E-01,1
 7.4707E-01,1
 7.4902E-01,1
 7.4609E-01,1
 7.5000E-01,1
 7.5195E-01,1
 7.5098E-01,1
 7.5098E-01,1
 7.5000E-01,1
 7.4805E-01,1
 7.4609E-01,1
 7.4707E-01,1
 7.5000E-01,1
 7.5000E-01,1
 7.5000E-01,1
 7.5000E-01,1
 7.4805E-01,1
 7.4512E-01,1
 7.4707E-01,1
 7.4805E-01,1
 7.4609E-01,1
 7.5000E-01,1
 7.5098E-01,1
 7.5098E-01,1
 7.4805E-01,1
 7.4609E-01,1
 7.4609E-01,1
 7.4609E-01,1
 7.4609E-01,1
 7.4902E-01,1
 7.4805E-01,1
 7.4805E-01,1
 7.5000E-01,1
 7.4512E-01,1
 7.4316E-01,1
 7.4512E-01,1
 7.4414E-01,1
 7.4316E-01,1
 7.4805E-01,1
 7.4707E-01,1
 7.4609E-01,1
 7.4414E-01,1
 7.4512E-01,1
 7.4219E-01,1
 7.4316E-01,1
 7.4512E-01,1
 7.4707E-01,1
 7.4707E-01,1
 7.4609E-01,1
 7.4707E-01,1
 7.4609E-01,1
 7.4316E-01,1
 7.4316E-01,1
 7.4316E-01,1
 7.4512E-01,1
 7.4414E-01,1
 7.4805E-01,1
 7.4414E-01,1
 7.4316E-01,1
 7.4609E-01,1
 7.4316E-01,1
 7.4121E-01,1
 7.4023E-01,1
 7.4414E-01,1
 7.4512E-01,1
 7.4316E-01,1
 7.4512E-01,1
 7.4414E-01,1
 7.4023E-01,1
 7.3828E-01,1
 7.4121E-01,1
 7.4219E-01,1
 7.4023E-01,1
 7.4316E-01,1
 7.4414E-01,1
 7.4316E-01,1
 7.4219E-01,1
 7.4219E-01,1
 7.4023E-01,1
 7.3828E-01,1
 7.3926E-01,1
 7.4219E-01,1
 7.4316E-01,1
 7.4121E-01,1
 7.4316E-01,1
 7.4316E-01,1
 7.3730E-01,1
 7.3828E-01,1
 7.3926E-01,1
 7.3730E-01,1
 7.3926E-01,1
 7.4219E-01,1
 7.4316E-01,1
 7.3926E-01,1
 7.3926E-01,1
 7.4121E-01,1
 7.3828E-01,1
 7.3535E-01,1
 7.3730E-01,1
 7.4023E-01,1
 7.4023E-01,1
 7.4023E-01,1
 7.4023E-01,1
 7.3828E-01,1
 7.3535E-01,1
 7.3535E-01,1
 7.3633E-01,1
 7.3535E-01,1
 7.3535E-01,1
 7.3828E-01,1
 7.4023E-01,1
 7.3926E-01,1
 7.3828E-01,1
 7.3828E-01,1
 7.3633E-01,1
 7.3438E-01,1
 7.3340E-01,1
 7.3633E-01,1
 7.3633E-01,1
 7.3828E-01,1
 7.3730E-01,1
 7.3730E-01,1
 7.3438E-01,1
 7.3340E-01,1
 7.3340E-01,1
 7.3242E-01,1
 7.3340E-01,1
 7.3438E-01,1
 7.3730E-01,1
 7.3730E-01,1
 7.3633E-01,1
 7.3730E-01,1
 7.3535E-01,1
 7.3438E-01,1
 7.3047E-01,1
 7.3340E-01,1
 7.3633E-01,1
 7.3535E-01,1
 7.3535E-01,1
 7.3633E-01,1
 7.3633E-01,1
 7.3242E-01,1
 7.3145E-01,1
 7.3145E-01,1
 7.3145E-01,1
 7.3340E-01,1
 7.3438E-01,1
 7.3633E-01,1
 7.3633E-01,1
 7.3242E-01,1
 7.3438E-01,1
 7.3340E-01,1
 7.3047E-01,1
 7.2949E-01,1
 7.3047E-01,1
 7.3438E-01,1
 7.3535E-01,1
 7.3340E-01,1
 7.3438E-01,1
 7.3340E-01,1
 7.3047E-01,1
 7.2949E-01,1
 7.3145E-01,1
 7.2949E-01,1
 7.3047E-01,1
 7.3340E-01,1
 7.3340E-01,1
 7.3438E-01,1
 7.2949E-01,1
 7.3145E-01,1
 7.3145E-01,1
 7.2852E-01,1
 7.2852E-01,1
 7.2852E-01,1
 7.3047E-01,1
 7.3145E-01,1
 7.3145E-01,1
 7.3047E-01,1
 7.3145E-01,1
 7.2949E-01,1
 7.2559E-01,1
 7.2656E-01,1
 7.2949E-01,1
 7.2754E-01,1
 7.2754E-01,1
 7.3047E-01,1
 7.3145E-01,1
 7.3145E-01,1
 7.3047E-01,1
 7.2852E-01,1
 7.2852E-01,1
 7.2754E-01,1
 7.2754E-01,1
 7.2559E-01,1
 7.2754E-01,1
 7.2852E-01,1
 7.2852E-01,1
 7.2852E-01,1
 7.2852E-01,1
 7.2656E-01,1
 7.2461E-01,1
 7.2461E-01,1
 7.2656E-01,1
 7.2461E-01,1
 7.2461E-01,1
 7.2949E-01,1
 7.2949E-01,1
 7.2949E-01,1
 7.2656E-01,1
 7.2656E-01,1
 7.2754E-01,1
 7.2559E-01,1
 7.2266E-01,1
 7.2461E-01,1
 7.2656E-01,1
 7.2656E-01,1
 7.2754E-01,1
 7.2949E-01,1
 7.2461E-01,1
 7.2461E-01,1
 7.2461E-01,1
 7.2461E-01,1
 7.2168E-01,1
 7.2168E-01,1
 7.2266E-01,1
 7.2363E-01,1
 7.2656E-01,1
 7.2656E-01,1
 7.2559E-01,1
 7.2363E-01,1
 7.2461E-01,1
 7.2363E-01,1
 7.2168E-01,1
 7.2168E-01,1
 7.2461E-01,1
 7.2461E-01,1
 7.2461E-01,1
 7.2559E-01,1
 7.2559E-01,1
 7.2461E-01,1
 7.2168E-01,1
 7.2070E-01,1
 7.2266E-01,1
 7.2070E-01,1
 7.1973E-01,1
 7.2168E-01,1
 7.2363E-01,1
 7.2363E-01,1
 7.2461E-01,1
 7.2168E-01,1
 7.2070E-01,1
 7.2266E-01,1
 7.1973E-01,1
 7.1875E-01,1
 7.2266E-01,1
 7.2266E-01,1
 7.2266E-01,1
 7.2266E-01,1
 7.2266E-01,1
 7.2461E-01,1
 7.2266E-01,1
 7.1973E-01,1
 7.1875E-01,1
 7.1973E-01,1
 7.2070E-01,1
 7.1973E-01,1
 7.2168E-01,1
 7.2363E-01,1
 7.2266E-01,1
 7.1973E-01,1
 7.1973E-01,1
 7.1973E-01,1
 7.1875E-01,1
 7.1582E-01,1
 7.1680E-01,1
 7.1875E-01,1
 7.1973E-01,1
 7.2070E-01,1
 7.1973E-01,1
 7.1973E-01,1
 7.2168E-01,1
 7.2070E-01,1
 7.1777E-01,1
 7.1582E-01,1
 7.1680E-01,1
 7.1777E-01,1
 7.1680E-01,1
 7.1777E-01,1
 7.1973E-01,1
 7.2266E-01,1
 7.1875E-01,1
 7.1875E-01,1
 7.1777E-01,1
 7.1777E-01,1
 7.1680E-01,1
 7.1484E-01,1
 7.1484E-01,1
 7.1777E-01,1
 7.1875E-01,1
 7.1680E-01,1
 7.1680E-01,1
 7.1973E-01,1
 7.1973E-01,1
 7.1582E-01,1
 7.1484E-01,1
 7.1484E-01,1
 7.1582E-01,1
 7.1582E-01,1
 7.1387E-01,1
 7.1680E-01,1
 7.1680E-01,1
 7.1777E-01,1
 7.1680E-01,1
 7.1484E-01,1
 7.1387E-01,1
 7.1484E-01,1
 7.1387E-01,1
 7.1289E-01,1
 7.1289E-01,1
 7.1582E-01,1
 7.1680E-01,1
 7.1582E-01,1
 7.1680E-01,1
 7.1777E-01,1
 7.1582E-01,1
 7.1289E-01,1
 7.1094E-01,1
 7.1191E-01,1
 7.1484E-01,1
 7.1289E-01,1
 7.1484E-01,1
 7.1680E-01,1
 7.1777E-01,1
 7.1582E-01,1
 7.1484E-01,1
 7.1387E-01,1
 7.1387E-01,1
 7.1289E-01,1
 7.1191E-01,1
 7.1387E-01,1
 7.1289E-01,1
 7.1484E-01,1
 7.1387E-01,1
 7.1387E-01,1
 7.1582E-01,1
 7.1484E-01,1
 7.1289E-01,1
 7.1094E-01,1
 7.1094E-01,1
 7.1094E-01,1
 7.1094E-01,1
 7.1289E-01,1
 7.1387E-01,1
 7.1484E-01,1
 7.1484E-01,1
 7.1387E-01,1
 7.1289E-01,1
 7.1289E-01,1
 7.1191E-01,1
 7.1094E-01,1
 7.1094E-01,1
 7.1094E-01,1
 7.1289E-01,1
 7.1484E-01,1
 7.1289E-01,1
 7.1387E-01,1
 7.1289E-01,1
 7.1094E-01,1
 7.0898E-01,1
 7.0898E-01,1
 7.0801E-01,1
 7.1094E-01,1
 7.0898E-01,1
 7.0898E-01,1
 7.0898E-01,1
 7.1094E-01,1
 7.1094E-01,1
 7.0898E-01,1
 7.0898E-01,1
 7.0996E-01,1
 7.0898E-01,1
 7.2168E-01,1
 7.5000E-01,1
 7.6270E-01,1
 7.6367E-01,1
 7.5488E-01,1
 7.4023E-01,1
 7.2559E-01,1
 7.1094E-01,1
 6.9727E-01,1
 6.8457E-01,1
 6.7480E-01,1
 6.8262E-01,1
 7.0117E-01,1
 7.3438E-01,1
 7.7734E-01,1
 8.1641E-01,1
 8.4961E-01,1
 8.8184E-01,1
 9.0918E-01,1
 9.2871E-01,1
 9.4531E-01,1
 9.5703E-01,1
 9.6582E-01,1
 9.7559E-01,1
 9.8438E-01,1
 9.9219E-01,1
 9.9805E-01,1
 1.0039E+00,1
 1.0078E+00,1
 1.0117E+00,1
 1.0156E+00,1
 1.0166E+00,1
 1.0205E+00,1
 1.0234E+00,1
 1.0254E+00,1
 1.0264E+00,1
 1.0293E+00,1
 1.0322E+00,1
 1.0352E+00,1
 1.0371E+00,1
 1.0381E+00,1
 1.0391E+00,1
 1.0391E+00,1
 1.0410E+00,1
 1.0410E+00,1
 1.0410E+00,1
 1.0430E+00,1
 1.0459E+00,1
 1.0488E+00,1
 1.0488E+00,1
 1.0479E+00,1
 1.0498E+00,1
 1.0498E+00,1
 1.0479E+00,1
 1.0479E+00,1
 1.0508E+00,1
 1.0508E+00,1
 1.0508E+00,1
 1.0518E+00,1
 1.0547E+00,1
 1.0557E+00,1
 1.0566E+00,1
 1.0576E+00,1
 1.0576E+00,1
 1.0566E+00,1
 1.0566E+00,1
 1.0566E+00,1
 1.0566E+00,1
 1.0566E+00,1
 1.0586E+00,1
 1.0586E+00,1
 1.0586E+00,1
 1.0596E+00,1
 1.0596E+00,1
 1.0596E+00,1
 1.0596E+00,1
 1.0576E+00,1
 1.0576E+00,1
 1.0596E+00,1
 1.0596E+00,1
 1.0586E+00,1
 1.0605E+00,1
 1.0625E+00,1
 1.0635E+00,1
 1.0645E+00,1
 1.0693E+00,1
 1.0703E+00,1
 1.0703E+00,1
 1.0693E+00,1
 1.0684E+00,1
 1.0674E+00,1
 1.0684E+00,1
 1.0684E+00,1
 1.0684E+00,1
 1.0703E+00,1
 1.0703E+00,1
 1.0693E+00,1
 1.0693E+00,1
 1.0684E+00,1
 1.0664E+00,1
 1.0664E+00,1
 1.0684E+00,1
 1.0674E+00,1
 1.0684E+00,1
 1.0693E+00,1
 1.0693E+00,1
