 1.0732E+00,3,1,1,11-21-17,13:40:52
 1.0713E+00,1
 1.0723E+00,1
 1.0713E+00,1
 1.0732E+00,1
 1.0703E+00,1
 1.0732E+00,1
 1.0703E+00,1
 1.0713E+00,1
 1.0723E+00,1
 1.0693E+00,1
 1.0732E+00,1
 1.0703E+00,1
 1.0723E+00,1
 1.0703E+00,1
 1.0703E+00,1
 1.0703E+00,1
 1.0703E+00,1
 1.0684E+00,1
 1.0684E+00,1
 1.0693E+00,1
 1.0674E+00,1
 1.0684E+00,1
 1.0693E+00,1
 1.0713E+00,1
 1.0713E+00,1
 1.0703E+00,1
 1.0723E+00,1
 1.0693E+00,1
 1.0693E+00,1
 1.0723E+00,1
 1.0693E+00,1
 1.0713E+00,1
 1.0703E+00,1
 1.0703E+00,1
 1.0693E+00,1
 1.0684E+00,1
 1.0703E+00,1
 1.0664E+00,1
 1.0693E+00,1
 1.0674E+00,1
 1.0674E+00,1
 1.0684E+00,1
 1.0684E+00,1
 1.0674E+00,1
 1.0684E+00,1
 1.0684E+00,1
 1.0684E+00,1
 1.0684E+00,1
 1.0684E+00,1
 1.0674E+00,1
 1.0684E+00,1
 1.0693E+00,1
 1.0703E+00,1
 1.0713E+00,1
 1.0693E+00,1
 1.0713E+00,1
 1.0684E+00,1
 1.0703E+00,1
 1.0674E+00,1
 1.0713E+00,1
 1.0684E+00,1
 1.0723E+00,1
 1.0713E+00,1
 1.0693E+00,1
 1.0723E+00,1
 1.0654E+00,1
 1.0713E+00,1
 1.0664E+00,1
 1.0713E+00,1
 1.0674E+00,1
 1.0693E+00,1
 1.0674E+00,1
 1.0674E+00,1
 1.0684E+00,1
 1.0684E+00,1
 1.0684E+00,1
 1.0684E+00,1
 1.0693E+00,1
 1.0693E+00,1
 1.0684E+00,1
 1.0703E+00,1
 1.0674E+00,1
 1.0713E+00,1
 1.0684E+00,1
 1.0674E+00,1
 1.0703E+00,1
 1.0664E+00,1
 1.0703E+00,1
 1.0654E+00,1
 1.0664E+00,1
 1.0674E+00,1
 1.0684E+00,1
 1.0674E+00,1
 1.0684E+00,1
 1.0674E+00,1
 1.0674E+00,1
 1.0684E+00,1
 1.0654E+00,1
 1.0654E+00,1
 1.0664E+00,1
 1.0664E+00,1
 1.0674E+00,1
 1.0664E+00,1
 1.0664E+00,1
 1.0664E+00,1
 1.0674E+00,1
 1.0674E+00,1
 1.0664E+00,1
 1.0664E+00,1
 1.0684E+00,1
 1.0654E+00,1
 1.0654E+00,1
 1.0684E+00,1
 1.0625E+00,1
 1.0664E+00,1
 1.0645E+00,1
 1.0654E+00,1
 1.0684E+00,1
 1.0645E+00,1
 1.0684E+00,1
 1.0635E+00,1
 1.0664E+00,1
 1.0654E+00,1
 1.0645E+00,1
 1.0654E+00,1
 1.0635E+00,1
 1.0674E+00,1
 1.0654E+00,1
 1.0674E+00,1
 1.0684E+00,1
 1.0684E+00,1
 1.0693E+00,1
 1.0664E+00,1
 1.0693E+00,1
 1.0664E+00,1
 1.0684E+00,1
 1.0674E+00,1
 1.0654E+00,1
 1.0684E+00,1
 1.0645E+00,1
 1.0674E+00,1
 1.0645E+00,1
 1.0664E+00,1
 1.0654E+00,1
 1.0674E+00,1
 1.0664E+00,1
 1.0654E+00,1
 1.0664E+00,1
 1.0654E+00,1
 1.0684E+00,1
 1.0664E+00,1
 1.0664E+00,1
 1.0684E+00,1
 1.0635E+00,1
 1.0674E+00,1
 1.0635E+00,1
 1.0664E+00,1
 1.0664E+00,1
 1.0645E+00,3,2,0,11-21-17,13:43:31,"50ul nadh"
 1.0664E+00,1
 1.0674E+00,1
 1.0664E+00,1
 1.0645E+00,1
 1.0654E+00,1
 1.0664E+00,1
 1.0635E+00,1
 1.0654E+00,1
 1.0625E+00,1
 1.0645E+00,1
 1.0654E+00,1
 1.0635E+00,1
 1.0645E+00,1
 1.0635E+00,1
 1.0625E+00,1
 1.0625E+00,1
 1.0654E+00,1
 1.0615E+00,1
 1.0654E+00,1
 1.0635E+00,1
 1.0605E+00,1
 1.0664E+00,1
 1.0605E+00,1
 1.0625E+00,1
 1.0635E+00,1
 1.0615E+00,1
 1.0635E+00,1
 1.0605E+00,1
 1.0615E+00,1
 1.0615E+00,1
 1.0596E+00,1
 1.0625E+00,1
 1.0615E+00,1
 1.0605E+00,1
 1.0625E+00,1
 1.0605E+00,1
 1.0605E+00,1
 1.0615E+00,1
 1.0586E+00,1
 1.0625E+00,1
 1.0586E+00,1
 1.0605E+00,1
 1.0586E+00,1
 1.0576E+00,1
 1.0596E+00,1
 1.0576E+00,1
 1.0586E+00,1
 1.0586E+00,1
 1.0576E+00,1
 1.0557E+00,1
 1.0586E+00,1
 1.0586E+00,1
 1.0566E+00,1
 1.0566E+00,1
 1.0566E+00,1
 1.0566E+00,1
 1.0557E+00,1
 1.0576E+00,1
 1.0557E+00,1
 1.0566E+00,1
 1.0557E+00,1
 1.0566E+00,1
 1.0586E+00,1
 1.0576E+00,1
 1.0566E+00,1
 1.0605E+00,1
 1.0576E+00,1
 1.0586E+00,1
 1.0566E+00,1
 1.0566E+00,1
 1.0576E+00,1
 1.0557E+00,1
 1.0576E+00,1
 1.0566E+00,1
 1.0576E+00,1
 1.0557E+00,1
 1.0576E+00,1
 1.0547E+00,1
 1.0557E+00,1
 1.0547E+00,1
 1.0537E+00,1
 1.0537E+00,1
 1.0537E+00,1
 1.0557E+00,1
 1.0557E+00,1
 1.0518E+00,1
 1.0547E+00,1
 1.0518E+00,1
 1.0537E+00,1
 1.0527E+00,1
 1.0527E+00,1
 1.0557E+00,1
 1.0537E+00,1
 1.0518E+00,1
 1.0537E+00,1
 1.0527E+00,1
 1.0527E+00,1
 1.0527E+00,1
 1.0547E+00,1
 1.0508E+00,1
 1.0508E+00,1
 1.0518E+00,1
 1.0469E+00,1
 1.0527E+00,1
 1.0488E+00,1
 1.0508E+00,1
 1.0518E+00,1
 1.0508E+00,1
 1.0527E+00,1
 1.0508E+00,1
 1.0537E+00,1
 1.0518E+00,1
 1.0527E+00,1
 1.0527E+00,1
 1.0527E+00,1
 1.0527E+00,1
 1.0518E+00,1
 1.0527E+00,1
 1.0498E+00,1
 1.0498E+00,1
 1.0518E+00,1
 1.0518E+00,1
 1.0488E+00,1
 1.0498E+00,1
 1.0527E+00,1
 1.0488E+00,1
 1.0518E+00,1
 1.0518E+00,1
 1.0479E+00,1
 1.0508E+00,1
 1.0469E+00,1
 1.0479E+00,1
 1.0479E+00,1
 1.0518E+00,1
 1.0449E+00,1
 1.0479E+00,1
 1.0508E+00,1
 1.0479E+00,1
 1.0488E+00,1
 1.0479E+00,1
 1.0479E+00,1
 1.0469E+00,1
 1.0498E+00,1
 1.0469E+00,1
 1.0439E+00,1
 1.0469E+00,1
 1.0469E+00,1
 1.0449E+00,1
 1.0459E+00,1
 1.0459E+00,1
 1.0459E+00,1
 1.0459E+00,1
 1.0459E+00,1
 1.0459E+00,1
 1.0479E+00,1
 1.0439E+00,1
 1.0459E+00,1
 1.0459E+00,1
 1.0430E+00,1
 1.0459E+00,1
 1.0439E+00,1
 1.0449E+00,1
 1.0449E+00,1
 1.0439E+00,1
 1.0449E+00,1
 1.0430E+00,1
 1.0449E+00,1
 1.0439E+00,1
 1.0449E+00,1
 1.0430E+00,1
 1.0430E+00,1
 1.0439E+00,1
 1.0420E+00,1
 1.0439E+00,1
 1.0420E+00,1
 1.0420E+00,1
 1.0430E+00,1
 1.0420E+00,1
 1.0439E+00,1
 1.0381E+00,1
 1.0430E+00,1
 1.0420E+00,1
 1.0430E+00,1
 1.0420E+00,1
 1.0410E+00,1
 1.0420E+00,1
 1.0400E+00,1
 1.0420E+00,1
 1.0410E+00,1
 1.0391E+00,1
 1.0391E+00,1
 1.0410E+00,1
 1.0420E+00,1
 1.0391E+00,1
 1.0400E+00,1
 1.0381E+00,1
 1.0410E+00,1
 1.0410E+00,1
 1.0400E+00,1
 1.0400E+00,1
 1.0400E+00,1
 1.0410E+00,1
 1.0371E+00,1
 1.0391E+00,1
 1.0410E+00,1
 1.0410E+00,1
 1.0391E+00,1
 1.0400E+00,1
 1.0420E+00,1
 1.0381E+00,1
 1.0391E+00,1
 1.0391E+00,1
 1.0391E+00,1
 1.0371E+00,1
 1.0352E+00,1
 1.0381E+00,1
 1.0371E+00,1
 1.0381E+00,1
 1.0361E+00,1
 1.0381E+00,1
 1.0381E+00,1
 1.0361E+00,1
 1.0381E+00,1
 1.0361E+00,1
 1.0361E+00,1
 1.0361E+00,1
 1.0371E+00,1
 1.0352E+00,1
 1.0371E+00,1
 1.0371E+00,1
 1.0342E+00,1
 1.0352E+00,1
 1.0322E+00,1
 1.0381E+00,1
 1.0361E+00,1
 1.0371E+00,1
 1.0342E+00,1
 1.0361E+00,1
 1.0381E+00,1
 1.0352E+00,1
 1.0352E+00,1
 1.0352E+00,1
 1.0361E+00,1
 1.0361E+00,1
 1.0371E+00,1
 1.0352E+00,1
 1.0371E+00,1
 1.0361E+00,1
 1.0352E+00,1
 1.0352E+00,1
 1.0371E+00,1
 1.0352E+00,1
 1.0352E+00,1
 1.0342E+00,1
 1.0361E+00,1
 1.0332E+00,1
 1.0342E+00,1
 1.0332E+00,1
 1.0322E+00,1
 1.0352E+00,1
 1.0352E+00,1
 1.0342E+00,1
 1.0342E+00,1
 1.0342E+00,1
 1.0352E+00,1
 1.0342E+00,1
 1.0361E+00,1
 1.0342E+00,1
 1.0342E+00,1
 1.0313E+00,1
 1.0342E+00,1
 1.0303E+00,1
 1.0342E+00,1
 1.0342E+00,1
 1.0322E+00,1
 1.0342E+00,1
 1.0322E+00,1
 1.0361E+00,1
 1.0313E+00,1
 1.0322E+00,1
 1.0332E+00,1
 1.0313E+00,1
 1.0303E+00,1
 1.0313E+00,1
 1.0332E+00,1
 1.0322E+00,1
 1.0322E+00,1
 1.0342E+00,1
 1.0342E+00,1
 1.0313E+00,1
 1.0342E+00,1
 1.0352E+00,1
 1.0303E+00,1
 1.0332E+00,1
 1.0322E+00,1
 1.0322E+00,1
 1.0342E+00,1
 1.0332E+00,1
 1.0332E+00,1
 1.0293E+00,1
 1.0322E+00,1
 1.0303E+00,1
 1.0322E+00,1
 1.0322E+00,1
 1.0303E+00,1
 1.0293E+00,1
 1.0283E+00,1
 1.0293E+00,3,3,0,11-21-17,13:48:39,"50ul succ"
 1.0254E+00,1
 1.0254E+00,1
 1.0254E+00,1
 1.0264E+00,1
 1.0254E+00,1
 1.0234E+00,1
 1.0254E+00,1
 1.0254E+00,1
 1.0283E+00,1
 1.0254E+00,1
 1.0244E+00,1
 1.0303E+00,1
 1.0273E+00,1
 1.0254E+00,1
 1.0254E+00,1
 1.0273E+00,1
 1.0264E+00,1
 1.0283E+00,1
 1.0293E+00,1
 1.0264E+00,1
 1.0254E+00,1
 1.0293E+00,1
 1.0264E+00,1
 1.0254E+00,1
 1.0254E+00,1
 1.0264E+00,1
 1.0273E+00,1
 1.0254E+00,1
 1.0264E+00,1
 1.0273E+00,1
 1.0244E+00,1
 1.0303E+00,1
 1.0293E+00,1
 1.0283E+00,1
 1.0283E+00,1
 1.0293E+00,1
 1.0283E+00,1
 1.0283E+00,1
 1.0293E+00,1
 1.0273E+00,1
 1.0303E+00,1
 1.0264E+00,1
 1.0264E+00,1
 1.0254E+00,1
 1.0283E+00,1
 1.0293E+00,1
 1.0264E+00,1
 1.0254E+00,1
 1.0244E+00,1
 1.0264E+00,1
 1.0254E+00,1
 1.0234E+00,1
 1.0215E+00,1
 1.0244E+00,1
 1.0244E+00,1
 1.0225E+00,1
 1.0225E+00,1
 1.0244E+00,1
 1.0234E+00,1
 1.0225E+00,1
 1.0244E+00,1
 1.0264E+00,1
 1.0234E+00,1
 1.0244E+00,1
 1.0234E+00,1
 1.0234E+00,1
 1.0234E+00,1
 1.0234E+00,1
 1.0254E+00,1
 1.0195E+00,1
 1.0215E+00,1
 1.0215E+00,1
 1.0215E+00,1
 1.0205E+00,1
 1.0225E+00,1
 1.0225E+00,1
 1.0234E+00,1
 1.0205E+00,1
 1.0234E+00,1
 1.0234E+00,1
 1.0225E+00,1
 1.0234E+00,1
 1.0205E+00,1
 1.0215E+00,1
 1.0215E+00,1
 1.0225E+00,1
 1.0205E+00,1
 1.0176E+00,1
 1.0215E+00,1
 1.0205E+00,1
 1.0186E+00,1
 1.0205E+00,1
 1.0225E+00,1
 1.0186E+00,1
 1.0205E+00,1
 1.0205E+00,1
 1.0186E+00,1
 1.0195E+00,1
 1.0186E+00,1
 1.0156E+00,1
 1.0166E+00,1
 1.0176E+00,1
 1.0156E+00,1
 1.0166E+00,1
 1.0156E+00,1
 1.0156E+00,1
 1.0166E+00,1
 1.0156E+00,1
 1.0176E+00,1
 1.0146E+00,1
 1.0166E+00,1
 1.0176E+00,1
 1.0176E+00,1
 1.0176E+00,1
 1.0166E+00,1
 1.0176E+00,1
 1.0156E+00,1
 1.0166E+00,1
 1.0156E+00,1
 1.0186E+00,1
 1.0195E+00,1
 1.0186E+00,1
 1.0156E+00,1
 1.0176E+00,1
 1.0186E+00,1
 1.0166E+00,1
 1.0186E+00,1
 1.0176E+00,1
 1.0186E+00,1
 1.0127E+00,1
 1.0166E+00,1
 1.0166E+00,1
 1.0146E+00,1
 1.0156E+00,1
 1.0156E+00,1
 1.0127E+00,1
 1.0166E+00,1
 1.0166E+00,1
 1.0127E+00,1
 1.0146E+00,1
 1.0127E+00,1
 1.0117E+00,1
 1.0117E+00,1
 1.0137E+00,1
 1.0107E+00,1
 1.0146E+00,1
 1.0117E+00,1
 1.0098E+00,1
 1.0117E+00,1
 1.0107E+00,1
 1.0127E+00,1
 1.0137E+00,1
 1.0137E+00,1
 1.0137E+00,1
 1.0156E+00,1
 1.0176E+00,1
 1.0146E+00,1
 1.0156E+00,1
 1.0146E+00,1
 1.0146E+00,1
 1.0146E+00,1
 1.0146E+00,1
 1.0166E+00,1
 1.0146E+00,1
 1.0127E+00,1
 1.0137E+00,1
 1.0146E+00,1
 1.0127E+00,1
 1.0146E+00,1
 1.0127E+00,1
 1.0107E+00,1
 1.0117E+00,1
 1.0107E+00,1
 1.0107E+00,1
 1.0117E+00,1
 1.0098E+00,1
 1.0107E+00,1
 1.0117E+00,1
 1.0107E+00,1
 1.0117E+00,1
 1.0107E+00,1
 1.0098E+00,1
 1.0117E+00,1
 1.0098E+00,1
 1.0107E+00,1
 1.0078E+00,1
 1.0098E+00,1
 1.0088E+00,1
 1.0117E+00,1
 1.0088E+00,1
 1.0088E+00,1
 1.0107E+00,1
 1.0107E+00,1
 1.0107E+00,1
 1.0117E+00,1
 1.0098E+00,1
 1.0078E+00,1
 1.0117E+00,1
 1.0088E+00,1
 1.0117E+00,1
 1.0098E+00,1
 1.0078E+00,1
 1.0088E+00,1
 1.0078E+00,1
 1.0088E+00,1
 1.0059E+00,1
 1.0088E+00,1
 1.0078E+00,1
 1.0107E+00,1
 1.0098E+00,1
 1.0127E+00,1
 1.0088E+00,1
 1.0107E+00,1
 1.0098E+00,1
 1.0078E+00,1
 1.0107E+00,1
 1.0068E+00,1
 1.0107E+00,1
 1.0059E+00,1
 1.0068E+00,1
 1.0088E+00,1
 1.0088E+00,1
 1.0078E+00,1
 1.0107E+00,1
 1.0068E+00,1
 1.0068E+00,1
 1.0098E+00,1
 1.0098E+00,1
 1.0088E+00,1
 1.0098E+00,1
 1.0078E+00,1
 1.0117E+00,1
 1.0088E+00,1
 1.0088E+00,1
 1.0117E+00,1
 1.0078E+00,1
 1.0098E+00,1
 1.0098E+00,1
 1.0068E+00,1
 1.0088E+00,1
 1.0088E+00,1
 1.0088E+00,1
 1.0088E+00,1
 1.0078E+00,1
 1.0078E+00,1
 1.0088E+00,1
 1.0068E+00,1
 1.0068E+00,1
 1.0088E+00,1
 1.0049E+00,1
 1.0049E+00,1
 1.0059E+00,1
 1.0068E+00,1
 1.0039E+00,1
 1.0059E+00,1
 1.0029E+00,1
 1.0039E+00,1
 1.0000E+00,1
 9.9023E-01,1
 9.6973E-01,1
 9.4922E-01,1
 9.2773E-01,1
 9.1797E-01,1
 9.1016E-01,1
 9.0430E-01,1
 8.9453E-01,1
 8.8574E-01,1
 8.8965E-01,1
 8.9941E-01,1
 9.1309E-01,1
 9.1602E-01,1
 9.1992E-01,1
 9.1699E-01,1
 9.1211E-01,1
 8.9160E-01,1
 8.6133E-01,1
 8.5742E-01,1
 8.6621E-01,1
 8.7598E-01,1
 8.7305E-01,1
 8.7305E-01,1
 8.6230E-01,1
 8.5449E-01,1
 8.4277E-01,1
 8.2910E-01,1
 8.1934E-01,1
 8.1152E-01,1
 8.0078E-01,1
 7.9297E-01,1
 7.8320E-01,1
 7.7441E-01,1
 7.6758E-01,1
 7.6074E-01,1
 7.4219E-01,1
 7.1191E-01,1
 6.9824E-01,1
 7.0996E-01,1
 7.3242E-01,1
 7.4805E-01,1
 7.5781E-01,1
 7.5781E-01,1
 7.5195E-01,1
 7.4609E-01,1
 7.4023E-01,1
 7.3633E-01,1
 7.3145E-01,1
 7.2754E-01,1
 7.1582E-01,1
 7.1289E-01,1
 7.1582E-01,1
 7.1875E-01,1
 7.1973E-01,1
 7.1973E-01,1
 7.1289E-01,1
 7.0801E-01,1
 7.0215E-01,1
 7.0020E-01,1
 6.9824E-01,1
 6.9238E-01,1
 6.8555E-01,1
 6.8164E-01,1
 6.7578E-01,1
 6.7090E-01,1
 6.6699E-01,1
 6.6113E-01,1
 6.6113E-01,1
 6.5918E-01,1
 6.6602E-01,1
 6.6895E-01,1
 6.7188E-01,1
 6.6992E-01,1
 6.6895E-01,1
 6.6309E-01,1
 6.5723E-01,1
 6.5039E-01,1
 6.4355E-01,1
 6.3770E-01,1
 6.3086E-01,1
 6.2402E-01,1
 6.2012E-01,1
 6.1914E-01,1
 6.1133E-01,1
 6.1230E-01,1
 6.0547E-01,1
 6.0254E-01,1
 6.0059E-01,1
 5.9473E-01,1
 5.9277E-01,1
 5.9277E-01,1
 5.8691E-01,1
 5.8496E-01,1
 5.8301E-01,1
 5.8008E-01,1
 5.7715E-01,1
 5.7617E-01,1
 5.7324E-01,1
 5.7031E-01,1
 5.6934E-01,1
 5.6836E-01,1
 5.6738E-01,1
 5.6543E-01,1
 5.6543E-01,1
 5.6445E-01,1
 5.6152E-01,1
 5.6543E-01,1
 5.6348E-01,1
 5.6445E-01,1
 5.6543E-01,1
 5.6250E-01,1
 5.6152E-01,1
 5.6348E-01,1
 5.6445E-01,1
 5.6250E-01,1
 5.6055E-01,1
 5.6152E-01,1
 5.5762E-01,1
 5.5957E-01,1
 5.5566E-01,1
 5.5469E-01,1
 5.5371E-01,1
 5.5469E-01,1
 5.5371E-01,1
 5.5273E-01,1
 5.5273E-01,1
 5.5371E-01,1
 5.5469E-01,1
 5.5273E-01,1
 5.4980E-01,1
 5.5371E-01,1
 5.5176E-01,1
 5.5078E-01,1
 5.5371E-01,1
 5.5371E-01,1
 5.5273E-01,1
 5.4980E-01,1
 5.5371E-01,1
 5.5176E-01,1
 5.5273E-01,1
 5.5273E-01,1
 5.5371E-01,1
 5.5176E-01,1
 5.5078E-01,1
 5.4980E-01,1
 5.4980E-01,1
 5.4980E-01,1
 5.4883E-01,1
 5.4883E-01,1
 5.4688E-01,1
 5.4980E-01,1
 5.4883E-01,1
 5.5078E-01,1
 5.4688E-01,1
 5.4980E-01,1
 5.5176E-01,1
 5.4980E-01,1
 5.5078E-01,1
 5.5371E-01,1
 5.4980E-01,1
 5.5176E-01,1
 5.5371E-01,1
 5.5078E-01,1
 5.4980E-01,1
 5.5078E-01,1
 5.4883E-01,1
 5.4785E-01,1
 5.4688E-01,1
 5.4590E-01,1
 5.4492E-01,1
 5.4492E-01,1
 5.4297E-01,1
 5.4492E-01,1
 5.4199E-01,1
 5.4199E-01,1
 5.4395E-01,1
 5.4102E-01,1
 5.4199E-01,1
 5.4395E-01,1
 5.4199E-01,1
 5.4199E-01,1
 5.4199E-01,1
 5.4199E-01,1
 5.4199E-01,1
 5.4297E-01,1
 5.4102E-01,1
 5.4199E-01,1
 5.4199E-01,1
 5.4004E-01,1
 5.4199E-01,1
 5.3906E-01,1
 5.3906E-01,1
 5.4004E-01,1
 5.3809E-01,1
 5.3906E-01,1
 5.3906E-01,1
 5.3906E-01,1
 5.3809E-01,1
 5.3809E-01,1
 5.4004E-01,1
 5.3809E-01,1
 5.3906E-01,1
 5.3711E-01,1
 5.4102E-01,1
 5.3809E-01,1
 5.4102E-01,1
 5.4102E-01,1
 5.4102E-01,1
 5.3906E-01,1
 5.4199E-01,1
 5.4102E-01,1
 5.4199E-01,1
 5.4102E-01,1
 5.4199E-01,1
 5.4102E-01,1
 5.4199E-01,1
 5.4102E-01,1
 5.3906E-01,1
 5.4004E-01,1
 5.3711E-01,1
 5.3711E-01,1
 5.3711E-01,1
 5.3711E-01,1
 5.3613E-01,1
 5.3613E-01,1
 5.3418E-01,1
 5.3613E-01,1
 5.3613E-01,1
 5.3418E-01,1
 5.3320E-01,1
 5.3418E-01,1
 5.3223E-01,1
 5.3320E-01,1
 5.3516E-01,1
 5.3223E-01,1
 5.3320E-01,1
 5.3223E-01,1
 5.3320E-01,1
 5.3320E-01,1
 5.3223E-01,1
 5.3125E-01,1
 5.3223E-01,1
 5.3125E-01,1
 5.3223E-01,1
 5.3320E-01,1
 5.3125E-01,1
 5.3223E-01,1
 5.3516E-01,1
 5.3320E-01,1
 5.3516E-01,1
 5.3223E-01,1
 5.3613E-01,1
 5.3516E-01,1
 5.3613E-01,1
 5.3418E-01,1
 5.3516E-01,1
 5.3516E-01,1
 5.3418E-01,1
 5.3516E-01,1
 5.3418E-01,1
 5.3320E-01,1
 5.3320E-01,1
 5.3418E-01,1
 5.3320E-01,1
 5.3320E-01,1
 5.3320E-01,1
 5.3223E-01,1
 5.3320E-01,1
 5.3223E-01,1
 5.3027E-01,1
 5.3320E-01,1
 5.2930E-01,1
 5.3223E-01,1
 5.2930E-01,1
 5.3320E-01,1
 5.3027E-01,1
 5.3125E-01,1
 5.3320E-01,1
 5.3125E-01,1
 5.3223E-01,1
 5.3125E-01,1
 5.3125E-01,1
 5.3320E-01,1
 5.3027E-01,1
 5.3320E-01,1
 5.3125E-01,1
 5.3223E-01,1
 5.3320E-01,1
 5.3223E-01,1
 5.3223E-01,1
 5.3223E-01,1
 5.3320E-01,1
 5.3125E-01,1
 5.3125E-01,1
 5.3125E-01,1
 5.2930E-01,1
 5.3125E-01,1
 5.3125E-01,1
 5.2930E-01,1
 5.2832E-01,1
 5.3223E-01,1
 5.2832E-01,1
 5.3027E-01,1
 5.3027E-01,1
 5.2930E-01,1
 5.3027E-01,1
 5.3125E-01,1
 5.3125E-01,1
 5.3223E-01,1
 5.3027E-01,1
 5.3125E-01,1
 5.3027E-01,1
 5.3125E-01,1
 5.3223E-01,1
 5.3125E-01,1
 5.3125E-01,1
 5.3027E-01,1
 5.3125E-01,1
 5.3125E-01,1
 5.3125E-01,1
 5.3223E-01,1
 5.3027E-01,1
 5.2832E-01,1
 5.2930E-01,1
 5.3125E-01,1
 5.3027E-01,1
 5.3125E-01,1
 5.3125E-01,1
 5.3125E-01,1
 5.3125E-01,1
 5.3223E-01,1
 5.3320E-01,1
 5.3223E-01,1
 5.3320E-01,1
 5.3223E-01,1
 5.3418E-01,1
 5.3320E-01,1
 5.3418E-01,1
 5.3320E-01,1
 5.3320E-01,1
 5.3320E-01,1
 5.3223E-01,1
 5.3320E-01,1
 5.3125E-01,1
 5.3125E-01,1
 5.2930E-01,1
 5.3320E-01,1
 5.3125E-01,1
 5.3223E-01,1
 5.3320E-01,1
 5.3320E-01,1
 5.3320E-01,1
 5.3320E-01,1
 5.3320E-01,1
 5.3418E-01,1
 5.3418E-01,1
 5.3516E-01,1
 5.3418E-01,1
 5.3418E-01,1
 5.3418E-01,1
 5.3516E-01,1
 5.3613E-01,1
 5.3613E-01,1
 5.3613E-01,1
 5.3516E-01,1
 5.3711E-01,1
 5.3613E-01,1
 5.3613E-01,1
 5.3809E-01,1
 5.3711E-01,1
 5.3809E-01,1
 5.3906E-01,1
 5.4004E-01,1
 5.3809E-01,1
 5.4004E-01,1
 5.3906E-01,1
 5.4004E-01,1
 5.3906E-01,1
 5.4004E-01,1
 5.3906E-01,1
 5.4102E-01,1
 5.4004E-01,1
 5.4004E-01,1
 5.4199E-01,1
 5.4199E-01,1
 5.4004E-01,1
 5.4395E-01,1
 5.4199E-01,1
 5.4492E-01,1
 5.4395E-01,1
 5.4492E-01,1
 5.4297E-01,1
 5.4590E-01,1
 5.4785E-01,1
 5.4785E-01,1
 5.4688E-01,1
 5.4883E-01,1
 5.4980E-01,1
 5.5176E-01,1
 5.5176E-01,1
 5.4883E-01,1
 5.5273E-01,1
 5.5176E-01,1
 5.5176E-01,1
 5.5078E-01,1
 5.5469E-01,1
 5.5273E-01,1
 5.5176E-01,1
 5.5176E-01,1
 5.5273E-01,1
 5.5273E-01,1
 5.5371E-01,1
 5.5371E-01,1
 5.5273E-01,1
 5.5273E-01,1
 5.5469E-01,1
 5.5469E-01,1
 5.5469E-01,1
 5.5664E-01,1
 5.5664E-01,1
 5.5762E-01,1
 5.5762E-01,1
 5.5957E-01,1
 5.5762E-01,1
 5.5957E-01,1
 5.5664E-01,1
 5.6055E-01,1
 5.6055E-01,1
 5.6055E-01,1
 5.5859E-01,1
 5.6055E-01,1
 5.6055E-01,1
 5.5957E-01,1
 5.5957E-01,1
 5.6055E-01,1
 5.5859E-01,1
 5.6152E-01,1
 5.6055E-01,1
 5.6152E-01,1
 5.6152E-01,1
 5.6152E-01,1
 5.6250E-01,1
 5.6348E-01,1
 5.6250E-01,1
 5.6543E-01,1
 5.6445E-01,1
 5.6641E-01,1
 5.6445E-01,1
 5.6738E-01,1
 5.6738E-01,1
 5.6738E-01,1
 5.6738E-01,1
 5.6738E-01,1
 5.6738E-01,1
 5.6836E-01,1
 5.6836E-01,1
 5.6934E-01,1
 5.6738E-01,1
 5.7031E-01,1
 5.7031E-01,1
 5.6934E-01,1
 5.6934E-01,1
 5.7031E-01,1
 5.7227E-01,1
 5.7129E-01,1
 5.7422E-01,1
 5.7324E-01,1
 5.7129E-01,1
 5.7129E-01,1
 5.7324E-01,1
 5.7227E-01,1
 5.7227E-01,1
 5.7227E-01,1
 5.7324E-01,1
 5.7324E-01,1
 5.7520E-01,1
 5.7227E-01,1
 5.7520E-01,1
 5.7520E-01,1
 5.7422E-01,1
 5.7715E-01,1
 5.7520E-01,1
 5.7520E-01,1
 5.7715E-01,1
 5.7715E-01,1
 5.7813E-01,1
 5.8203E-01,1
 5.7813E-01,1
 5.7813E-01,1
 5.7617E-01,1
 5.8105E-01,1
 5.8105E-01,1
 5.8984E-01,1
 5.9180E-01,1
 6.0938E-01,1
 6.3770E-01,1
 6.7188E-01,1
 6.9043E-01,1
 7.0703E-01,1
 7.1680E-01,1
 7.1875E-01,1
 7.3633E-01,1
 7.7539E-01,1
 8.2715E-01,1
 8.8379E-01,1
 9.4336E-01,1
 9.8828E-01,1
 1.0303E+00,1
 1.0615E+00,1
 1.0859E+00,1
 1.0986E+00,1
 1.1133E+00,1
 1.1211E+00,1
 1.1328E+00,1
 1.1348E+00,1
 1.1387E+00,1
 1.1445E+00,1
 1.1445E+00,1
 1.1504E+00,1
 1.1494E+00,1
 1.1523E+00,1
 1.1543E+00,1
 1.1533E+00,1
 1.1572E+00,1
 1.1572E+00,1
 1.1572E+00,1
 1.1572E+00,1
 1.1592E+00,1
 1.1611E+00,1
 1.1602E+00,1
 1.1611E+00,1
 1.1621E+00,1
 1.1602E+00,1
 1.1621E+00,1
 1.1641E+00,1
 1.1641E+00,1
 1.1650E+00,1
 1.1650E+00,1
 1.1660E+00,1
 1.1670E+00,1
 1.1699E+00,1
 1.1660E+00,1
 1.1660E+00,1
 1.1670E+00,1
 1.1660E+00,1
 1.1689E+00,1
 1.1699E+00,1
 1.1680E+00,1
 1.1699E+00,1
 1.1699E+00,1
 1.1738E+00,1
 1.1699E+00,1
 1.1709E+00,1
 1.1709E+00,1
 1.1709E+00,1
 1.1709E+00,1
 1.1729E+00,1
 1.1709E+00,1
 1.1699E+00,1
 1.1680E+00,1
 1.1729E+00,1
 1.1689E+00,1
 1.1699E+00,1
 1.1699E+00,1
 1.1670E+00,1
 1.1660E+00,1
 1.1699E+00,1
 1.1680E+00,1
 1.1689E+00,1
 1.1709E+00,1
 1.1680E+00,1
 1.1689E+00,1
 1.1689E+00,1
 1.1680E+00,1
 1.1680E+00,1
 1.1680E+00,1
 1.1680E+00,1
 1.1680E+00,1
 1.1660E+00,1
 1.1699E+00,1
 1.1670E+00,1
 1.1670E+00,1
 1.1670E+00,1
 1.1680E+00,1
 1.1660E+00,1
 1.1650E+00,1
 1.1660E+00,1
 1.1641E+00,1
 1.1660E+00,1
 1.1650E+00,1
 1.1641E+00,1
 1.1650E+00,1
 1.1660E+00,1
 1.1621E+00,1
 1.1650E+00,1
 1.1631E+00,1
 1.1621E+00,1
 1.1641E+00,1
 1.1602E+00,1
 1.1641E+00,1
 1.1621E+00,1
 1.1621E+00,1
 1.1602E+00,1
 1.1621E+00,1
 1.1631E+00,1
 1.1602E+00,1
 1.1602E+00,1
 1.1592E+00,1
 1.1592E+00,1
 1.1592E+00,1
 1.1592E+00,1
 1.1602E+00,1
 1.1563E+00,1
 1.1572E+00,1
 1.1582E+00,1
 1.1572E+00,1
 1.1582E+00,1
 1.1592E+00,1
 1.1572E+00,1
 1.1582E+00,1
 1.1572E+00,1
 1.1611E+00,1
 1.1572E+00,1
 1.1553E+00,1
 1.1572E+00,1
 1.1582E+00,1
 1.1553E+00,1
 1.1543E+00,1
 1.1553E+00,1
 1.1543E+00,1
 1.1533E+00,1
 1.1533E+00,1
 1.1533E+00,1
 1.1523E+00,1
 1.1543E+00,1
 1.1523E+00,1
 1.1533E+00,1
 1.1533E+00,1
 1.1504E+00,1
 1.1523E+00,1
 1.1504E+00,1
 1.1523E+00,1
 1.1475E+00,1
 1.1494E+00,1
 1.1475E+00,1
 1.1494E+00,1
 1.1475E+00,1
 1.1484E+00,1
 1.1475E+00,1
 1.1484E+00,1
 1.1475E+00,1
 1.1475E+00,1
 1.1475E+00,1
 1.1465E+00,1
 1.1455E+00,1
 1.1475E+00,1
 1.1445E+00,1
 1.1445E+00,1
 1.1455E+00,1
 1.1436E+00,1
 1.1445E+00,1
 1.1436E+00,1
 1.1436E+00,1
 1.1396E+00,1
 1.1445E+00,1
 1.1436E+00,1
 1.1436E+00,1
 1.1416E+00,1
 1.1426E+00,1
 1.1406E+00,1
 1.1436E+00,1
 1.1436E+00,1
 1.1426E+00,1
 1.1396E+00,1
 1.1436E+00,1
 1.1396E+00,1
 1.1396E+00,1
 1.1387E+00,1
 1.1396E+00,1
 1.1367E+00,1
 1.1416E+00,1
 1.1377E+00,1
 1.1387E+00,1
 1.1377E+00,1
 1.1377E+00,1
 1.1367E+00,1
 1.1377E+00,1
 1.1377E+00,1
 1.1357E+00,1
 1.1367E+00,1
 1.1367E+00,1
 1.1377E+00,1
 1.1357E+00,1
 1.1348E+00,1
 1.1367E+00,1
 1.1328E+00,1
 1.1348E+00,1
 1.1328E+00,1
 1.1367E+00,1
 1.1309E+00,1
 1.1318E+00,1
 1.1328E+00,1
 1.1338E+00,1
 1.1328E+00,1
 1.1309E+00,1
 1.1055E+00,1
 1.0898E+00,1
 1.0820E+00,1
 1.0771E+00,1
 1.0723E+00,1
 1.0732E+00,1
 1.0703E+00,1
 1.0723E+00,1
 1.0713E+00,1
 1.0713E+00,1
 1.0703E+00,1
 1.0703E+00,1
 1.0713E+00,1
 1.0703E+00,1
 1.0713E+00,1
 1.0674E+00,1
 1.0703E+00,1
 1.0713E+00,1
 1.0674E+00,1
 1.0684E+00,1
 1.0693E+00,1
