"Testing channel 1",""
 6.4551E-01, 7.3047E-01,3
 6.4551E-01, 7.3047E-01,1
 6.4551E-01, 7.3047E-01,1
 6.4453E-01, 7.2949E-01,1
 6.4453E-01, 7.2949E-01,1
 6.4551E-01, 7.2949E-01,1
 6.4648E-01, 7.2949E-01,1
 6.4648E-01, 7.2949E-01,1
 6.4551E-01, 7.2949E-01,1
 6.4648E-01, 7.2949E-01,1
 6.4551E-01, 7.2852E-01,1
 6.4551E-01, 7.2754E-01,1
 6.4453E-01, 7.2852E-01,1
 6.4551E-01, 7.2852E-01,1
 6.4648E-01, 7.2852E-01,1
 6.4648E-01, 7.2754E-01,1
 6.4551E-01, 7.2656E-01,1
 6.4648E-01, 7.2656E-01,1
 6.4551E-01, 7.2754E-01,1
 6.4551E-01, 7.2754E-01,1
