 5.7520E-01, 5.1465E-01,0,1,1,12-15-17,12:00:00
 5.7617E-01, 5.1367E-01,0
 5.7813E-01, 5.1367E-01,0
 5.7715E-01, 5.1465E-01,0
 5.7813E-01, 5.1270E-01,0
 5.7715E-01, 5.1074E-01,0
 5.8008E-01, 5.1172E-01,0
 5.8105E-01, 5.1270E-01,0
 5.7910E-01, 5.1074E-01,0
 5.8301E-01, 5.0977E-01,0
 5.8301E-01, 5.0879E-01,0
 5.8594E-01, 5.0684E-01,0
 5.8594E-01, 5.0781E-01,0
 5.8789E-01, 5.0586E-01,0
 5.8887E-01, 5.0684E-01,0
 5.9082E-01, 5.0586E-01,0
 5.9180E-01, 5.0586E-01,0
 5.9082E-01, 5.0391E-01,0
 5.9180E-01, 5.0391E-01,0
 5.9375E-01, 5.0391E-01,0
 5.9180E-01, 5.0488E-01,0
 5.9277E-01, 5.0391E-01,0
 5.9570E-01, 5.0391E-01,0
 5.9570E-01, 5.0391E-01,0
 5.9570E-01, 5.0391E-01,0
 5.9766E-01, 5.0391E-01,0
 5.9863E-01, 5.0293E-01,0
 5.9863E-01, 5.0098E-01,0
 5.9863E-01, 5.0000E-01,0
 6.0059E-01, 5.0000E-01,0
 6.0059E-01, 5.0098E-01,0
 6.0156E-01, 5.0195E-01,0
 6.0059E-01, 5.0195E-01,0
 6.0156E-01, 5.0000E-01,0
 6.0352E-01, 5.0000E-01,0
 6.0254E-01, 4.9902E-01,0
 6.0645E-01, 4.9902E-01,0
 6.0645E-01, 4.9902E-01,0
 6.0352E-01, 4.9512E-01,0
 6.0840E-01, 4.9707E-01,0
 6.0547E-01, 4.9707E-01,0
 6.0840E-01, 4.9805E-01,0
 6.0742E-01, 4.9609E-01,0
 6.1035E-01, 4.9512E-01,0
 6.0840E-01, 4.9609E-01,0
 6.1035E-01, 4.9512E-01,0
 6.0938E-01, 4.9609E-01,0
 6.1230E-01, 4.9414E-01,0
 6.1035E-01, 4.9609E-01,0
 6.1426E-01, 4.9316E-01,0
 6.1426E-01, 4.9316E-01,0
 6.1523E-01, 4.9316E-01,0
 6.1426E-01, 4.9219E-01,0
 6.1719E-01, 4.9219E-01,0
 6.2012E-01, 4.9023E-01,0
 6.1914E-01, 4.8926E-01,0
 6.2109E-01, 4.9023E-01,0
 6.2500E-01, 4.8926E-01,0
 6.2402E-01, 4.8828E-01,0
 6.2598E-01, 4.8828E-01,0
 6.2598E-01, 4.8730E-01,0
 6.2695E-01, 4.8828E-01,0
 6.2598E-01, 4.8926E-01,0
 6.2793E-01, 4.8828E-01,0
 6.2695E-01, 4.8730E-01,0
 6.2793E-01, 4.8730E-01,0
 6.2891E-01, 4.8633E-01,0
 6.2793E-01, 4.8730E-01,0
 6.2891E-01, 4.8633E-01,0
 6.2793E-01, 4.8633E-01,0
 6.2988E-01, 4.8828E-01,0
 6.2891E-01, 4.8535E-01,0
 6.2793E-01, 4.8730E-01,0
 6.2891E-01, 4.8633E-01,0
 6.2891E-01, 4.8438E-01,0
 6.3086E-01, 4.8730E-01,0
 6.2988E-01, 4.8438E-01,0
 6.3184E-01, 4.8535E-01,0
 6.3184E-01, 4.8242E-01,0
 6.3379E-01, 4.8242E-01,0
 6.3379E-01, 4.8242E-01,0
 6.3574E-01, 4.8145E-01,0
 6.3281E-01, 4.8438E-01,0
 6.3379E-01, 4.8340E-01,0
 6.3477E-01, 4.8145E-01,0
 6.3379E-01, 4.8340E-01,0
 6.3477E-01, 4.8145E-01,0
 6.3184E-01, 4.8535E-01,0
 6.3477E-01, 4.8145E-01,0
 6.3574E-01, 4.8145E-01,0
 6.3672E-01, 4.8340E-01,0
 6.3770E-01, 4.8145E-01,0
 6.3867E-01, 4.7852E-01,0
 6.3672E-01, 4.8047E-01,0
 6.3965E-01, 4.7852E-01,0
 6.3770E-01, 4.7949E-01,0
 6.3867E-01, 4.7852E-01,0
 6.3770E-01, 4.8047E-01,0
 6.3867E-01, 4.7949E-01,0
 6.3770E-01, 4.7949E-01,0
 6.3770E-01, 4.8145E-01,0
 6.3965E-01, 4.7949E-01,0
 6.3770E-01, 4.7852E-01,0
 6.3965E-01, 4.8145E-01,0
 6.3965E-01, 4.7656E-01,0
 6.3867E-01, 4.7949E-01,0
 6.4063E-01, 4.7656E-01,0
 6.3965E-01, 4.7852E-01,0
 6.4063E-01, 4.7656E-01,0
 6.4063E-01, 4.7656E-01,0
 6.4258E-01, 4.7559E-01,0
 6.4063E-01, 4.7656E-01,0
 6.4160E-01, 4.7559E-01,0
 6.4160E-01, 4.7461E-01,0
 6.4355E-01, 4.7461E-01,0,2,0,12-15-17,12:03:48,"50ul nadh"
 6.4258E-01, 4.7559E-01,0
 6.4160E-01, 4.7363E-01,0
 6.4160E-01, 4.7559E-01,0
 6.4160E-01, 4.7461E-01,0
 6.4258E-01, 4.7363E-01,0
 6.4063E-01, 4.7363E-01,0
 6.4160E-01, 4.7266E-01,0
 6.4063E-01, 4.7363E-01,0
 6.4258E-01, 4.7266E-01,0
 6.4160E-01, 4.7266E-01,0
 6.4160E-01, 4.7168E-01,0
 6.4453E-01, 4.7070E-01,0
 6.4160E-01, 4.7168E-01,0
 6.4355E-01, 4.6875E-01,0
 6.4355E-01, 4.6875E-01,0
 6.4258E-01, 4.6777E-01,0
 6.4355E-01, 4.6680E-01,0
 6.4258E-01, 4.6777E-01,0
 6.4258E-01, 4.6875E-01,0
 6.4258E-01, 4.6484E-01,0
 6.4160E-01, 4.6387E-01,0
 6.4258E-01, 4.6484E-01,0
 6.4258E-01, 4.6387E-01,0
 6.4258E-01, 4.6094E-01,0
 6.4258E-01, 4.6094E-01,0
 6.4160E-01, 4.6191E-01,0
 6.4355E-01, 4.5801E-01,0
 6.4258E-01, 4.5801E-01,0
 6.4453E-01, 4.5898E-01,0
 6.4551E-01, 4.5410E-01,0
 6.4355E-01, 4.5898E-01,0
 6.4453E-01, 4.5605E-01,0
 6.4355E-01, 4.5605E-01,0
 6.4453E-01, 4.5605E-01,0
 6.4453E-01, 4.5215E-01,0
 6.4453E-01, 4.5215E-01,0
 6.4355E-01, 4.5898E-01,0
 6.4355E-01, 4.5703E-01,0
 6.4648E-01, 4.5703E-01,0
 6.4551E-01, 4.5508E-01,0
 6.4258E-01, 4.5508E-01,0
 6.4453E-01, 4.5313E-01,0
 6.4258E-01, 4.5313E-01,0
 6.4355E-01, 4.5020E-01,0
 6.4453E-01, 4.4824E-01,0
 6.4453E-01, 4.4727E-01,0
 6.4453E-01, 4.4727E-01,0
 6.4453E-01, 4.5020E-01,0
 6.4648E-01, 4.5117E-01,0
 6.4453E-01, 4.5215E-01,0
 6.4551E-01, 4.5117E-01,0
 6.4551E-01, 4.5117E-01,0
 6.4551E-01, 4.4824E-01,0
 6.4355E-01, 4.4922E-01,0
 6.4648E-01, 4.4824E-01,0
 6.4355E-01, 4.4922E-01,0
 6.4648E-01, 4.4629E-01,0
 6.4453E-01, 4.4434E-01,0
 6.4648E-01, 4.4531E-01,0
 6.4355E-01, 4.4531E-01,0
 6.4551E-01, 4.3945E-01,0
 6.4355E-01, 4.3652E-01,0
 6.4648E-01, 4.3457E-01,0
 6.4355E-01, 4.3457E-01,0
 6.4746E-01, 4.3359E-01,0
 6.4551E-01, 4.3555E-01,0
 6.4648E-01, 4.3066E-01,0
 6.4648E-01, 4.3262E-01,0
 6.4746E-01, 4.2969E-01,0
 6.4355E-01, 4.3066E-01,0
 6.4648E-01, 4.3066E-01,0
 6.4453E-01, 4.3164E-01,0
 6.4551E-01, 4.2871E-01,0
 6.4355E-01, 4.3066E-01,0
 6.4551E-01, 4.2871E-01,0
 6.4355E-01, 4.2969E-01,0
 6.4551E-01, 4.2773E-01,0
 6.4453E-01, 4.2773E-01,0
 6.4551E-01, 4.2676E-01,0
 6.4355E-01, 4.2578E-01,0
 6.4648E-01, 4.2480E-01,0
 6.4648E-01, 4.2285E-01,0
 6.4453E-01, 4.2480E-01,0
 6.4453E-01, 4.2188E-01,0
 6.4746E-01, 4.2090E-01,0
 6.4648E-01, 4.2188E-01,0
 6.4551E-01, 4.2090E-01,0
 6.4648E-01, 4.1992E-01,0
 6.4551E-01, 4.2090E-01,0
 6.4648E-01, 4.1797E-01,0
 6.4453E-01, 4.1895E-01,0
 6.4648E-01, 4.1797E-01,0
 6.4453E-01, 4.1797E-01,0
 6.4453E-01, 4.1797E-01,0
 6.4551E-01, 4.1699E-01,0
 6.4551E-01, 4.1797E-01,0
 6.4453E-01, 4.1699E-01,0
 6.4746E-01, 4.1504E-01,0
 6.4648E-01, 4.1895E-01,0
 6.4844E-01, 4.1504E-01,0
 6.4453E-01, 4.1504E-01,0
 6.4746E-01, 4.1602E-01,0
 6.4746E-01, 4.1309E-01,0
 6.4648E-01, 4.1309E-01,0
 6.4746E-01, 4.1309E-01,0
 6.4551E-01, 4.1211E-01,0
 6.4648E-01, 4.1211E-01,0
 6.4648E-01, 4.1016E-01,0
 6.4453E-01, 4.1211E-01,0
 6.4746E-01, 4.1016E-01,0
 6.4551E-01, 4.1016E-01,0
 6.4551E-01, 4.0918E-01,0
 6.4551E-01, 4.1016E-01,0
 6.4551E-01, 4.1016E-01,0
 6.4648E-01, 4.0527E-01,0
 6.4453E-01, 4.0625E-01,0
 6.4551E-01, 4.0820E-01,0
 6.4551E-01, 4.0820E-01,0
 6.4453E-01, 4.0918E-01,0
 6.4648E-01, 4.0625E-01,0
 6.4551E-01, 4.0723E-01,0
 6.4551E-01, 4.1016E-01,0
 6.4746E-01, 4.0625E-01,0
 6.4648E-01, 4.0723E-01,0
 6.4648E-01, 4.0625E-01,0
 6.4551E-01, 4.0723E-01,0
 6.4746E-01, 4.0332E-01,0
 6.4746E-01, 4.0234E-01,0
 6.4551E-01, 4.0234E-01,0
 6.4453E-01, 4.0039E-01,0
 6.4551E-01, 3.9941E-01,0
 6.4648E-01, 3.9941E-01,0
 6.4551E-01, 3.9746E-01,0
 6.4355E-01, 3.9746E-01,0
 6.4648E-01, 3.9453E-01,0
 6.4355E-01, 3.9551E-01,0
 6.4453E-01, 3.9453E-01,0
 6.4551E-01, 3.9258E-01,0
 6.4746E-01, 3.9160E-01,0
 6.4746E-01, 3.9160E-01,0
 6.4746E-01, 3.9160E-01,0
 6.4648E-01, 3.9063E-01,0
 6.4746E-01, 3.8965E-01,0
 6.4746E-01, 3.8965E-01,0
 6.4648E-01, 3.9063E-01,0
 6.4648E-01, 3.8867E-01,0
 6.4453E-01, 3.8965E-01,0
 6.4844E-01, 3.8867E-01,0
 6.4453E-01, 3.8770E-01,0
 6.4551E-01, 3.8770E-01,0
 6.4746E-01, 3.8672E-01,0
 6.4551E-01, 3.8672E-01,0
 6.4648E-01, 3.8574E-01,0
 6.4453E-01, 3.8770E-01,0
 6.4648E-01, 3.8477E-01,0
 6.4648E-01, 3.8477E-01,0
 6.4551E-01, 3.8379E-01,0
 6.4648E-01, 3.8477E-01,0
 6.4551E-01, 3.8574E-01,0
 6.4746E-01, 3.8281E-01,0
 6.4648E-01, 3.8477E-01,0
 6.4746E-01, 3.8281E-01,0
 6.4746E-01, 3.8379E-01,0
 6.4941E-01, 3.8379E-01,0
 6.4941E-01, 3.8477E-01,0
 6.4844E-01, 3.8184E-01,0
 6.4746E-01, 3.8379E-01,0
 6.4941E-01, 3.8184E-01,0
 6.4648E-01, 3.8379E-01,0
 6.4746E-01, 3.7988E-01,0
 6.4844E-01, 3.8086E-01,0
 6.4746E-01, 3.7988E-01,0
 6.4551E-01, 3.8086E-01,0
 6.4746E-01, 3.7891E-01,0
 6.4551E-01, 3.8281E-01,0
 6.4746E-01, 3.8086E-01,0
 6.4648E-01, 3.8184E-01,0
 6.4648E-01, 3.8184E-01,0
 6.4648E-01, 3.7988E-01,0
 6.4648E-01, 3.7988E-01,0
 6.4648E-01, 3.7891E-01,0
 6.4648E-01, 3.7695E-01,0
 6.4648E-01, 3.7695E-01,0
 6.4844E-01, 3.7598E-01,0
 6.4648E-01, 3.7402E-01,0
 6.4551E-01, 4.9512E-01,0
 6.4453E-01, 8.8770E-01,0
 6.4453E-01, 8.8770E-01,0
 6.4453E-01, 8.8672E-01,0
 6.4551E-01, 8.8574E-01,0
 6.4746E-01, 8.8477E-01,0
 6.4746E-01, 8.8477E-01,0
 6.4746E-01, 8.8281E-01,0
 6.4844E-01, 8.8379E-01,0
 6.4746E-01, 8.8281E-01,0
 6.4453E-01, 8.8477E-01,0
 6.4746E-01, 8.8184E-01,0
 6.4551E-01, 8.8281E-01,0
 6.4648E-01, 8.8086E-01,0
 6.4453E-01, 8.8184E-01,0
 6.4648E-01, 8.7988E-01,0
 6.4746E-01, 8.7988E-01,0
 6.4648E-01, 8.7988E-01,0
 6.4648E-01, 8.7695E-01,0
 6.4453E-01, 8.7793E-01,0
 6.4648E-01, 8.7598E-01,0
 6.4551E-01, 8.7695E-01,0
 6.4648E-01, 8.7598E-01,0
 6.4648E-01, 8.7402E-01,0
 6.4648E-01, 8.7402E-01,0
 6.4551E-01, 8.7598E-01,0
 6.4648E-01, 8.7305E-01,0
 6.4355E-01, 8.7402E-01,0
 6.4746E-01, 8.7305E-01,0
 6.4453E-01, 8.7109E-01,0
 6.4551E-01, 8.7012E-01,0
 6.4551E-01, 8.7207E-01,0
 6.4648E-01, 8.7012E-01,0
 6.4551E-01, 8.7207E-01,0
 6.4648E-01, 8.6816E-01,0
 6.4355E-01, 8.6914E-01,0
 6.4844E-01, 8.6621E-01,0
 6.4551E-01, 8.6621E-01,0
 6.4551E-01, 8.6523E-01,0
 6.4551E-01, 8.6426E-01,0
 6.4453E-01, 8.6328E-01,0
 6.4453E-01, 8.6328E-01,0
 6.4648E-01, 8.6328E-01,0
 6.4551E-01, 8.6328E-01,0
 6.4551E-01, 8.6328E-01,0
 6.4551E-01, 8.6230E-01,0
 6.4551E-01, 8.6230E-01,0
 6.4551E-01, 8.5938E-01,0
 6.4453E-01, 8.6133E-01,0
 6.4453E-01, 8.5938E-01,0
 6.4551E-01, 8.5840E-01,0
 6.4551E-01, 8.5742E-01,0
 6.4648E-01, 8.5645E-01,0
 6.4648E-01, 8.5645E-01,0
 6.4648E-01, 8.5645E-01,0
 6.4648E-01, 8.5547E-01,0
 6.4551E-01, 8.5547E-01,0
 6.4648E-01, 8.5547E-01,0
 6.4648E-01, 8.5449E-01,0
 6.4551E-01, 8.5254E-01,0
 6.4648E-01, 8.5254E-01,0
 6.4551E-01, 8.5254E-01,0
 6.4648E-01, 8.5156E-01,0
 6.4551E-01, 8.5059E-01,0
 6.4551E-01, 8.4961E-01,0
 6.4551E-01, 8.4961E-01,0
 6.4551E-01, 8.4961E-01,0
 6.4648E-01, 8.4766E-01,0
 6.4746E-01, 8.4668E-01,0
 6.4648E-01, 8.4668E-01,0
 6.4648E-01, 8.4766E-01,0
 6.4746E-01, 8.4668E-01,0
 6.4648E-01, 8.4668E-01,0
 6.4648E-01, 8.4473E-01,0
 6.4746E-01, 8.4473E-01,0
 6.4551E-01, 8.4277E-01,0
 6.4648E-01, 8.4375E-01,0
 6.4648E-01, 8.4277E-01,0
 6.4648E-01, 8.4375E-01,0
 6.4648E-01, 8.4180E-01,0
 6.4648E-01, 8.3984E-01,0
 6.4648E-01, 8.4082E-01,0
 6.4648E-01, 8.3984E-01,0
 6.4648E-01, 8.3887E-01,0
 6.4648E-01, 8.3887E-01,0
 6.4746E-01, 8.3789E-01,0
 6.4746E-01, 8.3691E-01,0
 6.4746E-01, 8.3594E-01,0
 6.4746E-01, 8.3594E-01,0
 6.4746E-01, 8.3594E-01,0
 6.4746E-01, 8.3594E-01,0
 6.4844E-01, 8.3398E-01,0
 6.4844E-01, 8.3398E-01,0
 6.4844E-01, 8.3301E-01,0
 6.4746E-01, 8.3301E-01,0
 6.4844E-01, 8.3203E-01,0
 6.4941E-01, 8.3105E-01,0
 6.4844E-01, 8.3105E-01,0
 6.4746E-01, 8.3105E-01,0,3,0,12-15-17,12:13:16,"50ul 100um cpz"
 6.4746E-01, 8.3691E-01,0
 6.4746E-01, 8.4277E-01,0
 6.4746E-01, 8.4766E-01,0
 6.4648E-01, 8.4863E-01,0
 6.4746E-01, 8.4766E-01,0
 6.4648E-01, 8.4863E-01,0
 6.4648E-01, 8.5059E-01,0
 6.4648E-01, 8.5156E-01,0
 6.4648E-01, 8.5059E-01,0
 6.4746E-01, 8.5059E-01,0
 6.4648E-01, 8.4863E-01,0
 6.4551E-01, 8.4863E-01,0
 6.4648E-01, 8.4766E-01,0
 6.4648E-01, 8.4766E-01,0
 6.4746E-01, 8.4570E-01,0
 6.4648E-01, 8.4668E-01,0
 6.4746E-01, 8.4570E-01,0
 6.4648E-01, 8.4570E-01,0
 6.4746E-01, 8.4570E-01,0
 6.4648E-01, 8.4473E-01,0
 6.4648E-01, 8.4668E-01,0
 6.4648E-01, 8.4570E-01,0
 6.4648E-01, 8.4473E-01,0
 6.4746E-01, 8.4473E-01,0
 6.4648E-01, 8.4473E-01,0
 6.4746E-01, 8.4277E-01,0
 6.4746E-01, 8.3887E-01,0
 6.4746E-01, 8.3496E-01,0
 6.4746E-01, 8.3105E-01,0
 6.4746E-01, 8.3008E-01,0
 6.4844E-01, 8.3105E-01,0
 6.4844E-01, 8.2910E-01,0
 6.4844E-01, 8.3008E-01,0
 6.4844E-01, 8.2910E-01,0
 6.4844E-01, 8.2910E-01,0
 6.4746E-01, 8.2813E-01,0
 6.4746E-01, 8.2813E-01,0
 6.4844E-01, 8.2813E-01,0
 6.4844E-01, 8.2617E-01,0
 6.4746E-01, 8.2617E-01,0
 6.4844E-01, 8.2520E-01,0
 6.4941E-01, 8.2520E-01,0
 6.4941E-01, 8.2520E-01,0
 6.4844E-01, 8.2520E-01,0
 6.4941E-01, 8.2520E-01,0
 6.4844E-01, 8.2422E-01,0
 6.4844E-01, 8.2422E-01,0
 6.4844E-01, 8.2227E-01,0
 6.4746E-01, 8.2227E-01,0
 6.4844E-01, 8.2129E-01,0
 6.4844E-01, 8.2129E-01,0
 6.4844E-01, 8.2227E-01,0
 6.4941E-01, 8.2129E-01,0
 6.4844E-01, 8.2129E-01,0
 6.4844E-01, 8.2031E-01,0
 6.4844E-01, 8.1934E-01,0
 6.4941E-01, 8.2031E-01,0
 6.4941E-01, 8.1836E-01,0
 6.4844E-01, 8.1738E-01,0
 6.4746E-01, 8.1836E-01,0
 6.4844E-01, 8.1836E-01,0
 6.4746E-01, 8.1836E-01,0
 6.4746E-01, 8.1836E-01,0
 6.4844E-01, 8.1836E-01,0
 6.4844E-01, 8.1738E-01,0
 6.4941E-01, 8.1641E-01,0
 6.4844E-01, 8.1641E-01,0
 6.4844E-01, 8.1738E-01,0
 6.4844E-01, 8.1738E-01,0
 6.4844E-01, 8.1543E-01,0
 6.4844E-01, 8.1543E-01,0
 6.4941E-01, 8.1445E-01,0
 6.4844E-01, 8.1445E-01,0
 6.4844E-01, 8.1543E-01,0
 6.4941E-01, 8.1445E-01,0
 6.4941E-01, 8.1250E-01,0
 6.4844E-01, 8.1250E-01,0
 6.4844E-01, 8.1348E-01,0
 6.4844E-01, 8.1348E-01,0
 6.4941E-01, 8.1250E-01,0
 6.4941E-01, 8.1152E-01,0
 6.4941E-01, 8.1152E-01,0
 6.4844E-01, 8.1152E-01,0
 6.4941E-01, 8.1152E-01,0
 6.4941E-01, 8.1055E-01,0
 6.4844E-01, 8.1055E-01,0
 6.4941E-01, 8.1055E-01,0
 6.4941E-01, 8.0957E-01,0
 6.4941E-01, 8.0957E-01,0
 6.4844E-01, 8.1055E-01,0
 6.4844E-01, 8.0957E-01,0
 6.4746E-01, 8.1055E-01,0
 6.4844E-01, 8.0859E-01,0
 6.4844E-01, 8.0957E-01,0
 6.4844E-01, 8.0859E-01,0
 6.4844E-01, 8.0859E-01,0
 6.4844E-01, 8.0859E-01,0
 6.4844E-01, 8.0859E-01,0
 6.4941E-01, 8.0762E-01,0
 6.4941E-01, 8.0762E-01,0
 6.4746E-01, 8.0762E-01,0
 6.4844E-01, 8.0762E-01,0
 6.4844E-01, 8.0664E-01,0
 6.4941E-01, 8.0566E-01,0
 6.4844E-01, 8.0664E-01,0
 6.4941E-01, 8.0664E-01,0
 6.4844E-01, 8.0566E-01,0
 6.4844E-01, 8.0664E-01,0
 6.4844E-01, 8.0566E-01,0
 6.4941E-01, 8.0664E-01,0
 6.4941E-01, 8.0664E-01,0
 6.4941E-01, 8.0566E-01,0
 6.4941E-01, 8.0566E-01,0
 6.4941E-01, 8.0469E-01,0
 6.4844E-01, 8.0566E-01,0
 6.4941E-01, 8.0469E-01,0
 6.4844E-01, 8.0469E-01,0
 6.4844E-01, 8.0469E-01,0
 6.4941E-01, 8.0371E-01,0
 6.4941E-01, 8.0371E-01,0
 6.4844E-01, 8.0371E-01,0
 6.4844E-01, 8.0469E-01,0
 6.4844E-01, 8.0469E-01,0
 6.4844E-01, 8.0469E-01,0
 6.4844E-01, 8.0371E-01,0
 6.4941E-01, 8.0371E-01,0
 6.4844E-01, 8.0273E-01,0
 6.4941E-01, 8.0176E-01,0
 6.4844E-01, 8.0273E-01,0
 6.4844E-01, 8.0273E-01,0
 6.4844E-01, 8.0273E-01,0
 6.4941E-01, 8.0371E-01,0
 6.4844E-01, 8.0273E-01,0
 6.4941E-01, 8.0273E-01,0
 6.4941E-01, 8.0176E-01,0
 6.4941E-01, 8.0273E-01,0
 6.4941E-01, 8.0176E-01,0
 6.5039E-01, 8.0176E-01,0
 6.5039E-01, 8.0176E-01,0
 6.5039E-01, 8.0176E-01,0
 6.5039E-01, 8.0176E-01,0
 6.5039E-01, 7.9980E-01,0
 6.5039E-01, 7.9980E-01,0
 6.5039E-01, 8.0078E-01,0
 6.4941E-01, 7.9980E-01,0
 6.4941E-01, 8.0176E-01,0
 6.5039E-01, 8.0176E-01,0
 6.5039E-01, 8.0078E-01,0
 6.5039E-01, 8.0078E-01,0
 6.5039E-01, 7.9980E-01,0
 6.4941E-01, 7.9883E-01,0
 6.4941E-01, 7.9980E-01,0
 6.4941E-01, 7.9980E-01,0
 6.4941E-01, 7.9883E-01,0
 6.4941E-01, 7.9883E-01,0
 6.4941E-01, 7.9785E-01,0
 6.4844E-01, 8.0078E-01,0
 6.4941E-01, 8.0078E-01,0
 6.4844E-01, 8.0078E-01,0
 6.4844E-01, 7.9883E-01,0
 6.4941E-01, 7.9883E-01,0
 6.5039E-01, 7.9883E-01,0
 6.4941E-01, 7.9785E-01,0
 6.4941E-01, 7.9883E-01,0
 6.4941E-01, 7.9785E-01,0
 6.4941E-01, 7.9980E-01,0
 6.4941E-01, 7.9883E-01,0
 6.4941E-01, 7.9785E-01,0
 6.4941E-01, 7.9883E-01,0
 6.4941E-01, 7.9785E-01,0
 6.4941E-01, 7.9785E-01,0
 6.4941E-01, 7.9785E-01,0
 6.4941E-01, 7.9883E-01,0
 6.4941E-01, 7.9883E-01,0
 6.4941E-01, 7.9883E-01,0
 6.4941E-01, 7.9785E-01,0
 6.4941E-01, 7.9785E-01,0
 6.4941E-01, 7.9785E-01,0
 6.4941E-01, 7.9785E-01,0
 6.4941E-01, 7.9590E-01,0
 6.5039E-01, 7.9590E-01,0
 6.4941E-01, 7.9688E-01,0
 6.4941E-01, 7.9590E-01,0
 6.4941E-01, 7.9590E-01,0
 6.5039E-01, 7.9590E-01,0
 6.4844E-01, 7.9785E-01,0
 6.4844E-01, 7.9590E-01,0
 6.4941E-01, 7.9590E-01,0
 6.4941E-01, 7.9395E-01,0
 6.4941E-01, 7.9395E-01,0
 6.4941E-01, 7.9492E-01,0
 6.4844E-01, 7.9590E-01,0
 6.4844E-01, 7.9688E-01,0
 6.4941E-01, 7.9492E-01,0
 6.4941E-01, 7.9492E-01,0
 6.4941E-01, 7.9492E-01,0
 6.4941E-01, 7.9590E-01,0
 6.4844E-01, 7.9590E-01,0
 6.4941E-01, 7.9395E-01,0
 6.4941E-01, 7.9395E-01,0
 6.4844E-01, 7.9199E-01,0
 6.4844E-01, 7.9297E-01,0
 6.4844E-01, 7.9297E-01,0
 6.4941E-01, 7.9297E-01,0
 6.4844E-01, 7.9395E-01,0
 6.4844E-01, 7.9199E-01,0
 6.4844E-01, 7.9297E-01,0
 6.4844E-01, 7.9395E-01,0
 6.4844E-01, 7.9297E-01,0
 6.4844E-01, 7.9199E-01,0
 6.4844E-01, 7.9199E-01,0
 6.4844E-01, 7.9297E-01,0
 6.4941E-01, 7.9297E-01,0
 6.4844E-01, 7.9297E-01,0
 6.4844E-01, 7.9297E-01,0
 6.4844E-01, 7.9199E-01,0
 6.4844E-01, 7.9102E-01,0
 6.4844E-01, 7.9004E-01,0
 6.4746E-01, 7.9199E-01,0
 6.4844E-01, 7.9102E-01,0
 6.4844E-01, 7.9199E-01,0
 6.4941E-01, 7.9199E-01,0
 6.4844E-01, 7.9199E-01,0
 6.4844E-01, 7.9297E-01,0
 6.4844E-01, 7.9102E-01,0
 6.4746E-01, 7.8906E-01,0
 6.4746E-01, 7.9102E-01,0
 6.4746E-01, 7.9102E-01,0
 6.4844E-01, 7.8906E-01,0
 6.4746E-01, 7.8906E-01,0
 6.4746E-01, 7.8906E-01,0
 6.4648E-01, 7.9004E-01,0
 6.4746E-01, 7.9004E-01,0
 6.4746E-01, 7.8906E-01,0
 6.4844E-01, 7.8906E-01,0
 6.4648E-01, 7.8906E-01,0
 6.4746E-01, 7.8809E-01,0
 6.4746E-01, 7.8906E-01,0
 6.4746E-01, 7.9004E-01,0
 6.4746E-01, 7.8906E-01,0
 6.4746E-01, 7.8906E-01,0
 6.4844E-01, 7.8906E-01,0
 6.4648E-01, 7.8809E-01,0
 6.4746E-01, 7.8711E-01,0
 6.4746E-01, 7.8809E-01,0
 6.4746E-01, 7.8906E-01,0
 6.4648E-01, 7.8809E-01,0
 6.4746E-01, 7.8906E-01,0
 6.4648E-01, 7.8809E-01,0
 6.4648E-01, 7.8711E-01,0
 6.4648E-01, 7.8711E-01,0
 6.4648E-01, 7.8809E-01,0
 6.4746E-01, 7.8711E-01,0
 6.4648E-01, 7.8711E-01,0
 6.4746E-01, 7.8711E-01,0
 6.4648E-01, 7.8711E-01,0
 6.4746E-01, 7.8711E-01,0
 6.4746E-01, 7.8711E-01,0
 6.4746E-01, 7.8711E-01,0
 6.4648E-01, 7.8613E-01,0
 6.4648E-01, 7.8711E-01,0
 6.4746E-01, 7.8809E-01,0
 6.4746E-01, 7.8711E-01,0
 6.4648E-01, 7.8613E-01,0
 6.4648E-01, 7.8516E-01,0
 6.4648E-01, 7.8516E-01,0
 6.4648E-01, 7.8613E-01,0
 6.4648E-01, 7.8613E-01,0
 6.4648E-01, 7.8613E-01,0
 6.4648E-01, 7.8516E-01,0
 6.4648E-01, 7.8418E-01,0
 6.4648E-01, 7.8320E-01,0
 6.4648E-01, 7.8516E-01,0
 6.4746E-01, 7.8418E-01,0
 6.4648E-01, 7.8418E-01,0
 6.4746E-01, 7.8418E-01,0
 6.4648E-01, 7.8516E-01,0
 6.4648E-01, 7.8418E-01,0
 6.4648E-01, 7.8320E-01,0
 6.4648E-01, 7.8320E-01,0
 6.4648E-01, 7.8418E-01,0
 6.4648E-01, 7.8418E-01,0
 6.4551E-01, 7.8320E-01,0
 6.4648E-01, 7.8418E-01,0
 6.4648E-01, 7.8418E-01,0
 6.4746E-01, 7.8320E-01,0
 6.4648E-01, 7.8320E-01,0
 6.4648E-01, 7.8320E-01,0
 6.4551E-01, 7.8320E-01,0
 6.4551E-01, 7.8320E-01,0
 6.4648E-01, 7.8223E-01,0
 6.4551E-01, 7.8320E-01,0
 6.4648E-01, 7.8223E-01,0
 6.4648E-01, 7.8223E-01,0
 6.4648E-01, 7.8320E-01,0
 6.4551E-01, 7.8320E-01,0
 6.4648E-01, 7.8223E-01,0
 6.4551E-01, 7.8223E-01,0
 6.4551E-01, 7.8125E-01,0
 6.4551E-01, 7.8125E-01,0
 6.4648E-01, 7.8125E-01,0
 6.4648E-01, 7.8125E-01,0
 6.4551E-01, 7.8125E-01,0
 6.4551E-01, 7.8125E-01,0
 6.4453E-01, 7.8223E-01,0
 6.4551E-01, 7.8125E-01,0
 6.4551E-01, 7.8223E-01,0
 6.4551E-01, 7.8027E-01,0
 6.4453E-01, 7.8223E-01,0
 6.4551E-01, 7.8027E-01,0
 6.4551E-01, 7.7930E-01,0
 6.4453E-01, 7.8027E-01,0
 6.4453E-01, 7.8027E-01,0
 6.4453E-01, 7.7930E-01,0
 6.4551E-01, 7.7832E-01,0
 6.4453E-01, 7.8027E-01,0
 6.4453E-01, 7.7930E-01,0
 6.4453E-01, 7.8027E-01,0
 6.4355E-01, 7.7930E-01,0
 6.4453E-01, 7.7930E-01,0
 6.4453E-01, 7.7930E-01,0
 6.4453E-01, 7.8027E-01,0
 6.4453E-01, 7.7930E-01,0
 6.4551E-01, 7.7832E-01,0
 6.4648E-01, 7.7930E-01,0
 6.4551E-01, 7.7930E-01,0
 6.4453E-01, 7.7832E-01,0
 6.4551E-01, 7.7832E-01,0
 6.4453E-01, 7.7734E-01,0
 6.4453E-01, 7.7832E-01,0
 6.4453E-01, 7.7832E-01,0
 6.4453E-01, 7.7734E-01,0
 6.4453E-01, 7.7734E-01,0
 6.4355E-01, 7.7832E-01,0
 6.4453E-01, 7.7734E-01,0
 6.4453E-01, 7.7734E-01,0
 6.4453E-01, 7.7637E-01,0
 6.4355E-01, 7.7734E-01,0
 6.4453E-01, 7.7734E-01,0
 6.4453E-01, 7.7637E-01,0
 6.4453E-01, 7.7734E-01,0
 6.4453E-01, 7.7637E-01,0
 6.4453E-01, 7.7637E-01,0
 6.4453E-01, 7.7637E-01,0
 6.4453E-01, 7.7637E-01,0
 6.4355E-01, 7.7539E-01,0
 6.4355E-01, 7.7637E-01,0
 6.4355E-01, 7.7734E-01,0
 6.4453E-01, 7.7441E-01,0
 6.4453E-01, 7.7539E-01,0
 6.4453E-01, 7.7539E-01,0
 6.4355E-01, 7.7539E-01,0
 6.4453E-01, 7.7539E-01,0
 6.4355E-01, 7.7441E-01,0
 6.4355E-01, 7.7344E-01,0
 6.4355E-01, 7.7441E-01,0
 6.4453E-01, 7.7441E-01,0
 6.4453E-01, 7.7539E-01,0
 6.4355E-01, 7.7539E-01,0
 6.4453E-01, 7.7441E-01,0
 6.4453E-01, 7.7441E-01,0
 6.4258E-01, 7.7441E-01,0
 6.4453E-01, 7.7441E-01,0
 6.4355E-01, 7.7539E-01,0
 6.4453E-01, 7.7441E-01,0
 6.4258E-01, 7.7344E-01,0
 6.4355E-01, 7.7344E-01,0
 6.4355E-01, 7.7246E-01,0
 6.4355E-01, 7.7344E-01,0
 6.4453E-01, 7.7344E-01,0
 6.4258E-01, 7.7441E-01,0
 6.4258E-01, 7.7246E-01,0
 6.4355E-01, 7.7246E-01,0
 6.4453E-01, 7.7246E-01,0
 6.4355E-01, 7.7344E-01,0
 6.4355E-01, 7.7246E-01,0
 6.4355E-01, 7.7246E-01,0
 6.4355E-01, 7.7148E-01,0
 6.4258E-01, 7.7148E-01,0
 6.4355E-01, 7.7051E-01,0
 6.4258E-01, 7.7148E-01,0
 6.4355E-01, 7.7148E-01,0
 6.4258E-01, 7.7246E-01,0
 6.4355E-01, 7.7246E-01,0
 6.4258E-01, 7.7148E-01,0
 6.4355E-01, 7.7051E-01,0
 6.4355E-01, 7.7148E-01,0
 6.4258E-01, 7.7148E-01,0
 6.4355E-01, 7.7051E-01,0
 6.4355E-01, 7.7051E-01,0
 6.4355E-01, 7.7148E-01,0
 6.4355E-01, 7.7246E-01,0
 6.4355E-01, 7.7051E-01,0
 6.4453E-01, 7.7051E-01,0
 6.4355E-01, 7.6953E-01,0
 6.4355E-01, 7.7051E-01,0
 6.4355E-01, 7.6855E-01,0
 6.4355E-01, 7.6953E-01,0
 6.4355E-01, 7.6855E-01,0
 6.4258E-01, 7.6953E-01,0
 6.4355E-01, 7.6855E-01,0
 6.4355E-01, 7.6953E-01,0
 6.4355E-01, 7.6855E-01,0
 6.4258E-01, 7.7051E-01,0
 6.4355E-01, 7.6855E-01,0
 6.4355E-01, 7.6855E-01,0
 6.4355E-01, 7.6855E-01,0
 6.4355E-01, 7.6953E-01,0
 6.4355E-01, 7.6758E-01,0
 6.4355E-01, 7.6758E-01,0
 6.4355E-01, 7.6758E-01,0
 6.4258E-01, 7.6758E-01,0
 6.4258E-01, 7.6758E-01,0
 6.4355E-01, 7.6758E-01,0
 6.4355E-01, 7.6855E-01,0
 6.4355E-01, 7.6758E-01,0
 6.4258E-01, 7.6758E-01,0
 6.4355E-01, 7.6660E-01,0
 6.4258E-01, 7.6855E-01,0
 6.4355E-01, 7.6758E-01,0
 6.4258E-01, 7.6758E-01,0
 6.4355E-01, 7.6563E-01,0
 6.4258E-01, 7.6660E-01,0
 6.4258E-01, 7.6660E-01,0
 6.4355E-01, 7.6660E-01,0
 6.4355E-01, 7.6563E-01,0
 6.4258E-01, 7.6660E-01,0
 6.4355E-01, 7.6563E-01,0
 6.4258E-01, 7.6660E-01,0
 6.4355E-01, 7.6660E-01,0
 6.4355E-01, 7.6563E-01,0
 6.4355E-01, 7.6660E-01,0
 6.4258E-01, 7.6563E-01,0
 6.4258E-01, 7.6367E-01,0
 6.4355E-01, 7.6465E-01,0
 6.4355E-01, 7.6367E-01,0
 6.4355E-01, 7.6563E-01,0
 6.4355E-01, 7.6563E-01,0
 6.4355E-01, 7.6465E-01,0
 6.4355E-01, 7.6563E-01,0
 6.4355E-01, 7.6563E-01,0
 6.4355E-01, 7.6563E-01,0
 6.4453E-01, 7.6465E-01,0
 6.4355E-01, 7.6465E-01,0
 6.4355E-01, 7.6465E-01,0
 6.4258E-01, 7.6367E-01,0
 6.4355E-01, 7.6367E-01,0
 6.4355E-01, 7.6367E-01,0
 6.4355E-01, 7.6367E-01,0
 6.4355E-01, 7.6367E-01,0
 6.4355E-01, 7.6270E-01,0
 6.4453E-01, 7.6270E-01,0
 6.4453E-01, 7.6367E-01,0
 6.4355E-01, 7.6367E-01,0
 6.4355E-01, 7.6270E-01,0
 6.4453E-01, 7.6367E-01,0
 6.4453E-01, 7.6270E-01,0
 6.4355E-01, 7.6367E-01,0
 6.4355E-01, 7.6270E-01,0
 6.4453E-01, 7.6172E-01,0
 6.4453E-01, 7.6270E-01,0
 6.4453E-01, 7.6270E-01,0
 6.4453E-01, 7.6270E-01,0
 6.4453E-01, 7.6172E-01,0
 6.4453E-01, 7.6367E-01,0
 6.4355E-01, 7.6270E-01,0
 6.4551E-01, 7.6172E-01,0
 6.4355E-01, 7.6172E-01,0
 6.4453E-01, 7.6074E-01,0
 6.4355E-01, 7.6270E-01,0
 6.4453E-01, 7.6172E-01,0
 6.4453E-01, 7.6172E-01,0
 6.4453E-01, 7.6172E-01,0
 6.4355E-01, 7.6270E-01,0
 6.4453E-01, 7.6074E-01,0
 6.4453E-01, 7.6074E-01,0
 6.4453E-01, 7.6074E-01,0
 6.4453E-01, 7.6074E-01,0
 6.4453E-01, 7.6172E-01,0
 6.4551E-01, 7.6074E-01,0
 6.4453E-01, 7.6074E-01,0
 6.4648E-01, 7.5879E-01,0
 6.4551E-01, 7.6172E-01,0
 6.4453E-01, 7.6074E-01,0
 6.4551E-01, 7.5977E-01,0
 6.4551E-01, 7.5781E-01,0
 6.4453E-01, 7.5977E-01,0
 6.4453E-01, 7.5977E-01,0
 6.4453E-01, 7.5977E-01,0
 6.4453E-01, 7.5977E-01,0
 6.4551E-01, 7.5879E-01,0
 6.4551E-01, 7.5977E-01,0
 6.4453E-01, 7.5879E-01,0
 6.4453E-01, 7.5879E-01,0
 6.4551E-01, 7.5879E-01,0
 6.4453E-01, 7.5781E-01,0
 6.4453E-01, 7.5879E-01,0
 6.4453E-01, 7.5879E-01,0
 6.4453E-01, 7.5879E-01,0
 6.4453E-01, 7.5781E-01,0
 6.4551E-01, 7.5781E-01,0
 6.4551E-01, 7.5684E-01,0
 6.4551E-01, 7.5781E-01,0
 6.4551E-01, 7.5781E-01,0
 6.4648E-01, 7.5781E-01,0
 6.4551E-01, 7.5781E-01,0
 6.4453E-01, 7.5684E-01,0
 6.4453E-01, 7.5684E-01,0
 6.4453E-01, 7.5781E-01,0
 6.4551E-01, 7.5586E-01,0
 6.4453E-01, 7.5684E-01,0
 6.4453E-01, 7.5781E-01,0
 6.4648E-01, 7.5781E-01,0
 6.4551E-01, 7.5586E-01,0
 6.4453E-01, 7.5684E-01,0
 6.4648E-01, 7.5684E-01,0
 6.4551E-01, 7.5586E-01,0
 6.4551E-01, 7.5586E-01,0
 6.4453E-01, 7.5586E-01,0
 6.4453E-01, 7.5488E-01,0
 6.4551E-01, 7.5586E-01,0
 6.4453E-01, 7.5684E-01,0
 6.4551E-01, 7.5586E-01,0
 6.4551E-01, 7.5488E-01,0
 6.4551E-01, 7.5391E-01,0
 6.4551E-01, 7.5488E-01,0
 6.4453E-01, 7.5391E-01,0
 6.4453E-01, 7.5488E-01,0
 6.4551E-01, 7.5488E-01,0
 6.4648E-01, 7.5488E-01,0
 6.4648E-01, 7.5391E-01,0
 6.4648E-01, 7.5391E-01,0
 6.4551E-01, 7.5488E-01,0
 6.4648E-01, 7.5391E-01,0
 6.4551E-01, 7.5488E-01,0
 6.4648E-01, 7.5391E-01,0
 6.4648E-01, 7.5391E-01,0
 6.4551E-01, 7.5488E-01,0
 6.4551E-01, 7.5391E-01,0
 6.4551E-01, 7.5488E-01,0
 6.4648E-01, 7.5488E-01,0
 6.4551E-01, 7.5293E-01,0
 6.4551E-01, 7.5293E-01,0
 6.4453E-01, 7.5391E-01,0
 6.4648E-01, 7.5391E-01,0
 6.4648E-01, 7.5195E-01,0
 6.4648E-01, 7.5195E-01,0
 6.4551E-01, 7.5195E-01,0
 6.4551E-01, 7.5293E-01,0
 6.4551E-01, 7.5391E-01,0
 6.4648E-01, 7.5293E-01,0
 6.4648E-01, 7.5293E-01,0
 6.4551E-01, 7.5195E-01,0
 6.4551E-01, 7.5293E-01,0
 6.4648E-01, 7.5195E-01,0
 6.4551E-01, 7.5195E-01,0
 6.4551E-01, 7.5195E-01,0
 6.4551E-01, 7.5098E-01,0
 6.4551E-01, 7.5195E-01,0
 6.4648E-01, 7.4902E-01,0
 6.4551E-01, 7.5098E-01,0
 6.4648E-01, 7.5000E-01,0
 6.4648E-01, 7.5098E-01,0
 6.4551E-01, 7.5098E-01,0
