"Testing channel 1","testing channel 4"
 6.4648E-01, 7.2461E-01,3,1,1,12-15-17,12:40:44
 6.4648E-01, 7.2461E-01,1
 6.4551E-01, 7.2363E-01,1
 6.4551E-01, 7.2363E-01,1
 6.4551E-01, 7.2363E-01,1
 6.4648E-01, 7.2266E-01,1
 6.4551E-01, 7.2363E-01,1
 6.4453E-01, 7.2363E-01,1
 6.4648E-01, 7.2363E-01,1
 6.4453E-01, 7.2461E-01,1
 6.4551E-01, 7.2266E-01,1
 6.4648E-01, 7.2266E-01,3,2,0,12-15-17,12:41:06,"1, channel 1"
 6.4648E-01, 7.2363E-01,1
 6.4551E-01, 7.2363E-01,1
 6.4551E-01, 7.2266E-01,1
 6.4648E-01, 7.2363E-01,1
 6.4551E-01, 7.2266E-01,1
 6.4648E-01, 7.2363E-01,1
 6.4648E-01, 7.2168E-01,1
 6.4648E-01, 7.2266E-01,1
 6.4648E-01, 7.2168E-01,3,3,0,12-15-17,12:41:24
 6.4551E-01, 7.2168E-01,3,4,0,12-15-17,12:41:26
 6.4648E-01, 7.2070E-01,1
 6.4551E-01, 7.2168E-01,3,5,0,12-15-17,12:41:30
 6.4551E-01, 7.2168E-01,1
 6.4551E-01, 7.2266E-01,1
 6.4648E-01, 7.2168E-01,3,6,0,12-15-17,12:41:36,"2, channel 2"
 6.4648E-01, 7.2070E-01,1
 6.4648E-01, 7.2168E-01,1
 6.4551E-01, 7.2070E-01,1
 6.4551E-01, 7.2070E-01,1
