 1.0762E+00,3,1,1,10-10-17,15:38:33
 1.0752E+00,1
 1.0752E+00,1
 1.0732E+00,1
 1.0713E+00,1
 1.0693E+00,1
 1.0684E+00,1
 1.0713E+00,1
 1.0684E+00,1
 1.0684E+00,1
 1.0703E+00,1
 1.0693E+00,1
 1.0713E+00,1
 1.0723E+00,1
 1.0703E+00,1
 1.0693E+00,1
 1.0693E+00,1
 1.0684E+00,1
 1.0684E+00,1
 1.0693E+00,1
 1.0693E+00,1
 1.0703E+00,1
 1.0684E+00,1
 1.0703E+00,1
 1.0713E+00,1
 1.0723E+00,1
 1.0723E+00,1
 1.0703E+00,1
 1.0723E+00,1
 1.0723E+00,1
 1.0713E+00,1
 1.0723E+00,1
 1.0723E+00,1
 1.0713E+00,1
 1.0693E+00,1
 1.0684E+00,1
 1.0684E+00,1
 1.0684E+00,1
 1.0684E+00,1
 1.0596E+00,1
 1.0371E+00,1
 1.0117E+00,1
 9.8438E-01,1
 9.5996E-01,1
 9.4141E-01,1
 9.2871E-01,1
 9.2090E-01,1
 9.1699E-01,1
 9.1406E-01,1
 9.1309E-01,1
 9.1504E-01,1
 9.1406E-01,1
 9.1113E-01,1
 9.0625E-01,1
 8.9844E-01,1
 8.9551E-01,1
 8.9746E-01,1
 9.1113E-01,1
 9.4043E-01,1
 9.7559E-01,1
 1.0029E+00,1
 1.0186E+00,1
 1.0313E+00,1
 1.0420E+00,1
 1.0508E+00,1
 1.0586E+00,1
 1.0596E+00,1
 1.0625E+00,1
 1.0645E+00,1
 1.0664E+00,1
 1.0684E+00,1
 1.0684E+00,1
 1.0674E+00,1
 1.0547E+00,1
 1.0313E+00,1
 1.0039E+00,1
 9.8047E-01,1
 9.5898E-01,1
 9.4238E-01,1
 9.3066E-01,1
 9.1895E-01,1
 9.1602E-01,1
 9.1797E-01,1
 9.3945E-01,1
 9.7559E-01,1
 1.0088E+00,1
 1.0322E+00,1
 1.0469E+00,1
 1.0576E+00,1
 1.0625E+00,1
 1.0664E+00,1
 1.0713E+00,1
 1.0723E+00,1
 1.0742E+00,1
 1.0732E+00,1
 1.0703E+00,1
 1.0713E+00,1
 1.0723E+00,1
 1.0723E+00,1
 1.0732E+00,1
 1.0742E+00,1
 1.0742E+00,1
 1.0742E+00,1
 1.0742E+00,1
 1.0732E+00,1
 1.0742E+00,1
 1.0762E+00,1
 1.0742E+00,1
 1.0752E+00,1
 1.0752E+00,1
 1.0742E+00,1
 1.0752E+00,1
 1.0762E+00,1
 1.0742E+00,1
 1.0762E+00,1
 1.0732E+00,1
 1.0713E+00,1
 1.0723E+00,1
 1.0723E+00,1
 1.0732E+00,1
 1.0742E+00,1
 1.0742E+00,1
 1.0742E+00,1
 1.0732E+00,1
 1.0742E+00,1
 1.0752E+00,1
 1.0762E+00,1
 1.0742E+00,1
 1.0732E+00,1
 1.0752E+00,1
 1.0752E+00,1
 1.0762E+00,1
 1.0771E+00,1
 1.0771E+00,1
 1.0762E+00,1
 1.0752E+00,1
 1.0742E+00,1
 1.0762E+00,1
 1.0762E+00,1
 1.0732E+00,1
 1.0732E+00,1
 1.0713E+00,1
 1.0723E+00,1
 1.0732E+00,1
 1.0732E+00,1
 1.0713E+00,1
 1.0713E+00,1
 1.0732E+00,1
 1.0732E+00,1
 1.0732E+00,1
 1.0742E+00,1
 1.0742E+00,1
 1.0732E+00,1
 1.0732E+00,1
 1.0732E+00,1
 1.0732E+00,1
 1.0762E+00,1
 1.0732E+00,1
 1.0742E+00,1
 1.0752E+00,1
 1.0742E+00,1
 1.0752E+00,1
 1.0771E+00,1
 1.0752E+00,1
 1.0742E+00,1
 1.0752E+00,1
 1.0742E+00,1
 1.0752E+00,1
 1.0742E+00,1
 1.0742E+00,1
 1.0742E+00,1
 1.0732E+00,1
 1.0742E+00,1
 1.0732E+00,1
 1.0742E+00,1
 1.0723E+00,1
 1.0723E+00,1
 1.0742E+00,1
 1.0723E+00,1
 1.0732E+00,1
 1.0742E+00,1
 1.0742E+00,1
 1.0723E+00,1
 1.0752E+00,1
 1.0752E+00,1
 1.0762E+00,1
 1.0771E+00,1
 1.0762E+00,1
 1.0752E+00,1
 1.0752E+00,1
 1.0732E+00,1
 1.0723E+00,1
 1.0752E+00,1
 1.0762E+00,1
 1.0752E+00,1
 1.0752E+00,1
 1.0742E+00,1
 1.0732E+00,1
 1.0752E+00,1
 1.0732E+00,1
 1.0732E+00,1
 1.0742E+00,1
 1.0723E+00,1
 1.0723E+00,1
 1.0742E+00,1
 1.0732E+00,1
 1.0723E+00,1
 1.0732E+00,1
 1.0752E+00,1
 1.0742E+00,1
 1.0732E+00,1
 1.0752E+00,1
 1.0732E+00,1
 1.0752E+00,1
 1.0752E+00,1
 1.0752E+00,1
 1.0752E+00,1
 1.0742E+00,1
 1.0742E+00,1
 1.0752E+00,1
 1.0752E+00,1
 1.0752E+00,1
 1.0732E+00,1
 1.0742E+00,1
 1.0732E+00,1
 1.0732E+00,1
 1.0752E+00,1
 1.0742E+00,1
 1.0732E+00,1
 1.0742E+00,1
 1.0752E+00,1
 1.0752E+00,1
 1.0752E+00,1
 1.0752E+00,1
 1.0742E+00,1
 1.0723E+00,1
 1.0723E+00,1
 1.0723E+00,1
 1.0752E+00,1
 1.0742E+00,1
 1.0732E+00,1
 1.0723E+00,1
 1.0723E+00,1
 1.0723E+00,1
 1.0732E+00,1
 1.0742E+00,1
 1.0732E+00,1
 1.0732E+00,1
 1.0723E+00,1
 1.0723E+00,1
 1.0732E+00,1
 1.0723E+00,1
 1.0723E+00,1
 1.0723E+00,1
 1.0713E+00,1
 1.0713E+00,1
 1.0732E+00,1
 1.0732E+00,1
 1.0713E+00,1
 1.0713E+00,1
 1.0693E+00,1
 1.0693E+00,1
 1.0703E+00,1
 1.0713E+00,1
 1.0732E+00,3,2,0,10-10-17,15:42:57,"50um succinate"
 1.0703E+00,1
 1.0703E+00,1
 1.0703E+00,1
 1.0693E+00,1
 1.0693E+00,1
 1.0674E+00,1
 1.0674E+00,1
 1.0664E+00,1
 1.0645E+00,1
 1.0625E+00,1
 1.0625E+00,1
 1.0596E+00,1
 1.0596E+00,1
 1.0576E+00,1
 1.0547E+00,1
 1.0547E+00,1
 1.0518E+00,1
 1.0488E+00,1
 1.0469E+00,1
 1.0459E+00,1
 1.0449E+00,1
 1.0439E+00,1
 1.0439E+00,1
 1.0400E+00,1
 1.0381E+00,1
 1.0391E+00,1
 1.0371E+00,1
 1.0332E+00,1
 1.0332E+00,1
 1.0322E+00,1
 1.0283E+00,1
 1.0293E+00,1
 1.0283E+00,1
 1.0244E+00,1
 1.0244E+00,1
 1.0234E+00,1
 1.0215E+00,1
 1.0195E+00,1
 1.0186E+00,1
 1.0156E+00,1
 1.0137E+00,1
 1.0137E+00,1
 1.0098E+00,1
 1.0068E+00,1
 1.0059E+00,1
 1.0039E+00,1
 1.0020E+00,1
 1.0020E+00,1
 1.0020E+00,1
 9.9805E-01,1
 9.9805E-01,1
 9.9707E-01,1
 9.9316E-01,1
 9.9219E-01,1
 9.9023E-01,1
 9.8730E-01,1
 9.8633E-01,1
 9.8438E-01,1
 9.8145E-01,1
 9.8145E-01,1
 9.7852E-01,1
 9.7559E-01,1
 9.7461E-01,1
 9.7363E-01,1
 9.7266E-01,1
 9.7070E-01,1
 9.7070E-01,1
 9.6973E-01,1
 9.6680E-01,1
 9.6777E-01,1
 9.6680E-01,1
 9.6387E-01,1
 9.6289E-01,1
 9.6289E-01,1
 9.6094E-01,1
 9.5996E-01,1
 9.5801E-01,1
 9.5605E-01,1
 9.5410E-01,1
 9.5313E-01,1
 9.4824E-01,1
 9.4727E-01,1
 9.4531E-01,1
 9.4238E-01,1
 9.4141E-01,1
 9.4043E-01,1
 9.3945E-01,1
 9.3848E-01,1
 9.3945E-01,1
 9.3750E-01,1
 9.3359E-01,1
 9.3359E-01,1
 9.3164E-01,1
 9.2871E-01,1
 9.2871E-01,1
 9.2480E-01,1
 9.2285E-01,1
 9.2383E-01,1
 9.2188E-01,1
 9.1992E-01,1
 9.1895E-01,1
 9.1602E-01,1
 9.1504E-01,1
 9.1406E-01,1
 9.1211E-01,1
 9.0918E-01,1
 9.0820E-01,1
 9.0723E-01,1
 9.0723E-01,1
 9.0430E-01,1
 9.0332E-01,1
 9.0137E-01,1
 8.9941E-01,1
 8.9746E-01,1
 8.9355E-01,1
 8.9355E-01,1
 8.9063E-01,1
 8.8867E-01,1
 8.8672E-01,1
 8.8672E-01,1
 8.8281E-01,1
 8.8184E-01,1
 8.7988E-01,1
 8.7891E-01,1
 8.7793E-01,1
 8.7598E-01,1
 8.7500E-01,1
 8.7305E-01,1
 8.7109E-01,1
 8.6914E-01,1
 8.6719E-01,1
 8.6621E-01,1
 8.6523E-01,1
 8.6426E-01,1
 8.6230E-01,1
 8.5938E-01,1
 8.5742E-01,1
 8.5547E-01,1
 8.5547E-01,1
 8.5254E-01,1
 8.5156E-01,1
 8.5059E-01,1
 8.4863E-01,1
 8.4668E-01,1
 8.4668E-01,1
 8.4375E-01,1
 8.4277E-01,1
 8.3984E-01,1
 8.3984E-01,1
 8.3887E-01,1
 8.3789E-01,1
 8.3496E-01,1
 8.3105E-01,1
 8.3105E-01,1
 8.2910E-01,1
 8.2520E-01,1
 8.2617E-01,1
 8.2617E-01,1
 8.2520E-01,1
 8.2227E-01,1
 8.1934E-01,1
 8.1836E-01,1
 8.1738E-01,1
 8.1738E-01,1
 8.1348E-01,1
 8.1348E-01,1
 8.1250E-01,1
 8.1055E-01,1
 8.0957E-01,1
 8.0762E-01,1
 8.0664E-01,1
 8.0469E-01,1
 8.0371E-01,1
 8.0078E-01,1
 8.0078E-01,1
 7.9883E-01,1
 7.9785E-01,1
 7.9590E-01,1
 7.9395E-01,1
 7.9102E-01,1
 7.9102E-01,1
 7.8906E-01,1
 7.8809E-01,1
 7.8418E-01,1
 7.8418E-01,1
 7.8223E-01,1
 7.8027E-01,1
 7.8027E-01,1
 7.7832E-01,1
 7.7344E-01,1
 7.7344E-01,1
 7.7344E-01,1
 7.7148E-01,1
 7.7148E-01,1
 7.6953E-01,1
 7.6758E-01,1
 7.6465E-01,1
 7.6367E-01,1
 7.6074E-01,1
 7.5879E-01,1
 7.5684E-01,1
 7.5488E-01,1
 7.5293E-01,1
 7.5293E-01,1
 7.5195E-01,1
 7.5000E-01,1
 7.4902E-01,1
 7.4805E-01,1
 7.4609E-01,3,3,0,10-10-17,15:46:26,"50um malonate"
 7.4609E-01,1
 7.4609E-01,1
 7.4707E-01,1
 7.4609E-01,1
 7.4512E-01,1
 7.4609E-01,1
 7.4414E-01,1
 7.4609E-01,1
 7.4609E-01,1
 7.4512E-01,1
 7.4512E-01,1
 7.4609E-01,1
 7.4512E-01,1
 7.4609E-01,1
 7.4609E-01,1
 7.4609E-01,1
 7.4902E-01,1
 7.4902E-01,1
 7.4609E-01,1
 7.4609E-01,1
 7.4609E-01,1
 7.4512E-01,1
 7.4609E-01,1
 7.4609E-01,1
 7.4512E-01,1
 7.4512E-01,1
 7.4414E-01,1
 7.4414E-01,1
 7.4414E-01,1
 7.4609E-01,1
 7.4414E-01,1
 7.4512E-01,1
 7.4609E-01,1
 7.4512E-01,1
 7.4512E-01,1
 7.4609E-01,1
 7.4707E-01,1
 7.4707E-01,1
 7.4902E-01,1
 7.4902E-01,1
 7.4902E-01,1
 7.5000E-01,1
 7.5098E-01,1
 7.4902E-01,1
 7.5098E-01,1
 7.5098E-01,1
 7.5098E-01,1
 7.5195E-01,1
 7.5098E-01,1
 7.5098E-01,1
 7.5000E-01,1
 7.5000E-01,1
 7.5000E-01,1
 7.5000E-01,1
 7.5000E-01,1
 7.5098E-01,1
 7.5000E-01,1
 7.5000E-01,1
 7.5098E-01,1
 7.5000E-01,1
 7.5000E-01,1
 7.4902E-01,1
 7.5098E-01,1
 7.5000E-01,1
 7.5098E-01,1
 7.5098E-01,1
 7.5098E-01,1
 7.5195E-01,1
 7.5293E-01,1
 7.5293E-01,1
 7.5293E-01,1
 7.5293E-01,1
 7.5293E-01,1
 7.5391E-01,1
 7.5293E-01,1
 7.5293E-01,1
 7.5293E-01,1
 7.5293E-01,1
 7.5293E-01,1
 7.5293E-01,1
 7.5195E-01,1
 7.5293E-01,1
 7.5391E-01,1
 7.5293E-01,1
 7.5195E-01,1
 7.5293E-01,1
 7.5098E-01,1
 7.5195E-01,1
 7.5098E-01,1
 7.5195E-01,1
 7.5098E-01,1
 7.5000E-01,1
 7.5098E-01,1
 7.5000E-01,1
 7.4902E-01,1
 7.5000E-01,1
 7.4805E-01,1
 7.4902E-01,1
 7.4902E-01,1
 7.4609E-01,1
 7.4707E-01,1
 7.4902E-01,1
 7.4805E-01,1
 7.4902E-01,1
 7.5000E-01,1
 7.5000E-01,1
 7.5098E-01,1
 7.5000E-01,1
 7.5098E-01,1
 7.5000E-01,1
 7.5000E-01,1
 7.4902E-01,1
 7.4805E-01,1
 7.4902E-01,1
 7.5098E-01,1
 7.5195E-01,1
 7.5098E-01,1
 7.5000E-01,1
 7.5000E-01,1
 7.4902E-01,1
 7.5098E-01,1
 7.5000E-01,1
 7.4902E-01,1
 7.5000E-01,1
 7.5098E-01,1
 7.5293E-01,1
 7.5098E-01,1
 7.5000E-01,1
 7.5000E-01,1
 7.4707E-01,1
 7.5000E-01,1
 7.4902E-01,1
 7.4902E-01,1
 7.4902E-01,1
 7.4902E-01,1
 7.5195E-01,1
 7.5098E-01,1
 7.5098E-01,1
 7.5098E-01,1
 7.5098E-01,1
 7.5098E-01,1
 7.5098E-01,1
 7.5098E-01,1
 7.5098E-01,1
 7.5000E-01,1
 7.5000E-01,1
 7.5000E-01,1
 7.4902E-01,1
 7.5000E-01,1
 7.5000E-01,1
 7.5000E-01,1
 7.5000E-01,1
 7.5000E-01,1
 7.5195E-01,1
 7.5195E-01,1
 7.5391E-01,1
 7.5391E-01,1
 7.5098E-01,1
 7.5293E-01,1
 7.5195E-01,1
 7.5098E-01,1
 7.5098E-01,1
 7.5195E-01,1
