 1.0742E+00,3,1,1,10-17-17,14:28:27
 1.0723E+00,1
 1.0732E+00,1
 1.0742E+00,1
 1.0723E+00,1
 1.0732E+00,1
 1.0723E+00,1
 1.0732E+00,1
 1.0771E+00,1
 1.0742E+00,1
 1.0742E+00,1
 1.0742E+00,1
 1.0732E+00,1
 1.0742E+00,1
 1.0752E+00,1
 1.0752E+00,1
 1.0771E+00,1
 1.0762E+00,1
 1.0781E+00,1
 1.0771E+00,1
 1.0752E+00,1
 1.0762E+00,1
 1.0762E+00,1
 1.0752E+00,1
 1.0771E+00,1
 1.0762E+00,1
 1.0771E+00,1
 1.0781E+00,1
 1.0771E+00,1
 1.0771E+00,1
 1.0771E+00,1
 1.0791E+00,1
 1.0801E+00,1
 1.0771E+00,1
 1.0771E+00,1
 1.0762E+00,1
 1.0771E+00,1
 1.0781E+00,1
 1.0781E+00,1
 1.0791E+00,1
 1.0771E+00,1
 1.0781E+00,1
 1.0771E+00,1
 1.0781E+00,1
 1.0791E+00,1
 1.0791E+00,1
 1.0791E+00,1
 1.0791E+00,1
 1.0781E+00,1
 1.0801E+00,1
 1.0781E+00,1
 1.0791E+00,1
 1.0791E+00,1
 1.0762E+00,1
 1.0762E+00,1
 1.0723E+00,1
 1.0703E+00,1
 1.0703E+00,1
 1.0703E+00,1
 1.0693E+00,1
 1.0684E+00,1
 1.0684E+00,1
 1.0693E+00,1
 1.0713E+00,1
 1.0713E+00,1
 1.0703E+00,1
 1.0713E+00,1
 1.0693E+00,1
 1.0713E+00,1
 1.0713E+00,1
 1.0693E+00,1
 1.0723E+00,1
 1.0732E+00,1
 1.0723E+00,1
 1.0723E+00,1
 1.0723E+00,1
 1.0723E+00,1
 1.0732E+00,1
 1.0713E+00,1
 1.0723E+00,1
 1.0713E+00,1
 1.0703E+00,1
 1.0703E+00,1
 1.0723E+00,1
 1.0713E+00,1
 1.0713E+00,1
 1.0732E+00,1
 1.0713E+00,1
 1.0723E+00,1
 1.0713E+00,1
 1.0713E+00,1
 1.0732E+00,1
 1.0732E+00,1
 1.0732E+00,1
 1.0732E+00,1
 1.0713E+00,1
 1.0713E+00,1
 1.0732E+00,1
 1.0723E+00,1
 1.0723E+00,1
 1.0723E+00,1
 1.0742E+00,1
 1.0732E+00,1
 1.0723E+00,1
 1.0713E+00,1
 1.0732E+00,1
 1.0723E+00,1
 1.0732E+00,1
 1.0723E+00,1
 1.0723E+00,1
 1.0723E+00,1
 1.0752E+00,1
 1.0732E+00,1
 1.0752E+00,1
 1.0732E+00,1
 1.0723E+00,1
 1.0742E+00,1
 1.0742E+00,1
 1.0713E+00,1
 1.0752E+00,1
 1.0752E+00,1
 1.0732E+00,1
 1.0742E+00,1
 1.0752E+00,1
 1.0713E+00,1
 1.0732E+00,1
 1.0742E+00,1
 1.0723E+00,1
 1.0752E+00,1
 1.0752E+00,1
 1.0732E+00,1
 1.0742E+00,1
 1.0742E+00,1
 1.0713E+00,1
 1.0762E+00,1
 1.0752E+00,1
 1.0742E+00,1
 1.0771E+00,1
 1.0732E+00,1
 1.0703E+00,1
 1.0752E+00,1
 1.0732E+00,1
 1.0742E+00,1
 1.0771E+00,1
 1.0742E+00,1
 1.0742E+00,1
 1.0752E+00,1
 1.0713E+00,1
 1.0752E+00,1
 1.0752E+00,1
 1.0732E+00,1
 1.0762E+00,1
 1.0762E+00,1
 1.0713E+00,1
 1.0732E+00,1
 1.0742E+00,1
 1.0732E+00,1
 1.0771E+00,1
 1.0762E+00,1
 1.0732E+00,1
 1.0762E+00,1
 1.0723E+00,1
 1.0742E+00,1
 1.0771E+00,1
 1.0762E+00,1
 1.0752E+00,1
 1.0752E+00,1
 1.0752E+00,1
 1.0752E+00,1
 1.0752E+00,1
 1.0752E+00,1
 1.0752E+00,1
 1.0762E+00,1
 1.0771E+00,1
 1.0752E+00,1
 1.0762E+00,1
 1.0752E+00,1
 1.0742E+00,1
 1.0752E+00,1
 1.0771E+00,1
 1.0762E+00,1
 1.0742E+00,1
 1.0771E+00,1
 1.0752E+00,1
 1.0732E+00,1
 1.0742E+00,1
 1.0723E+00,1
 1.0752E+00,1
 1.0771E+00,1
 1.0762E+00,1
 1.0752E+00,1
 1.0762E+00,1
 1.0732E+00,1
 1.0742E+00,1
 1.0732E+00,1
 1.0732E+00,1
 1.0732E+00,1
 1.0713E+00,3,2,0,10-17-17,14:31:44,"Added 50uL succinate"
 1.0713E+00,1
 1.0713E+00,1
 1.0713E+00,1
 1.0713E+00,1
 1.0703E+00,1
 1.0693E+00,1
 1.0664E+00,1
 1.0654E+00,1
 1.0654E+00,1
 1.0645E+00,1
 1.0635E+00,1
 1.0615E+00,1
 1.0596E+00,1
 1.0557E+00,1
 1.0576E+00,1
 1.0547E+00,1
 1.0518E+00,1
 1.0537E+00,1
 1.0518E+00,1
 1.0479E+00,1
 1.0488E+00,1
 1.0449E+00,1
 1.0439E+00,1
 1.0430E+00,1
 1.0410E+00,1
 1.0391E+00,1
 1.0391E+00,1
 1.0361E+00,1
 1.0322E+00,1
 1.0322E+00,1
 1.0303E+00,1
 1.0293E+00,1
 1.0273E+00,1
 1.0254E+00,1
 1.0234E+00,1
 1.0234E+00,1
 1.0195E+00,1
 1.0186E+00,1
 1.0195E+00,1
 1.0146E+00,1
 1.0146E+00,1
 1.0137E+00,1
 1.0107E+00,1
 1.0088E+00,1
 1.0088E+00,1
 1.0059E+00,1
 1.0059E+00,1
 1.0029E+00,1
 1.0000E+00,1
 1.0000E+00,1
 9.9707E-01,1
 9.9512E-01,1
 9.9609E-01,1
 9.9414E-01,1
 9.8926E-01,1
 9.9023E-01,1
 9.8926E-01,1
 9.8730E-01,1
 9.8730E-01,1
 9.8340E-01,1
 9.8145E-01,1
 9.8047E-01,1
 9.8047E-01,1
 9.7852E-01,1
 9.7656E-01,1
 9.7363E-01,1
 9.7266E-01,1
 9.7266E-01,1
 9.6875E-01,1
 9.6777E-01,1
 9.6582E-01,1
 9.6387E-01,1
 9.6484E-01,1
 9.6289E-01,1
 9.5996E-01,1
 9.5996E-01,1
 9.5703E-01,1
 9.5508E-01,1
 9.5313E-01,1
 9.5117E-01,1
 9.4922E-01,1
 9.5215E-01,1
 9.4922E-01,1
 9.4336E-01,1
 9.4531E-01,1
 9.4141E-01,1
 9.3945E-01,1
 9.3750E-01,1
 9.3555E-01,1
 9.3750E-01,1
 9.3555E-01,1
 9.3359E-01,1
 9.3457E-01,1
 9.3066E-01,1
 9.2871E-01,1
 9.2773E-01,1
 9.2676E-01,1
 9.2285E-01,1
 9.2090E-01,1
 9.1992E-01,1
 9.1699E-01,1
 9.1504E-01,1
 9.1406E-01,1
 9.1113E-01,1
 9.1211E-01,1
 9.0918E-01,1
 9.0723E-01,1
 9.0625E-01,1
 9.0332E-01,1
 9.0137E-01,1
 9.0137E-01,1
 9.0234E-01,1
 8.9746E-01,1
 8.9551E-01,1
 8.9453E-01,1
 8.9258E-01,1
 8.8867E-01,1
 8.8867E-01,1
 8.8770E-01,1
 8.8672E-01,1
 8.8672E-01,1
 8.8184E-01,1
 8.8086E-01,1
 8.7988E-01,1
 8.7891E-01,1
 8.7598E-01,1
 8.7598E-01,1
 8.7402E-01,1
 8.7012E-01,1
 8.7012E-01,1
 8.6719E-01,1
 8.6426E-01,1
 8.6523E-01,1
 8.6328E-01,1
 8.6230E-01,1
 8.6133E-01,1
 8.5742E-01,1
 8.5938E-01,1
 8.5645E-01,1
 8.5352E-01,1
 8.5254E-01,1
 8.5059E-01,1
 8.4766E-01,1
 8.4863E-01,1
 8.4668E-01,1
 8.4570E-01,1
 8.4375E-01,1
 8.4082E-01,1
 8.4082E-01,1
 8.3887E-01,1
 8.3691E-01,1
 8.3594E-01,1
 8.3594E-01,1
 8.3301E-01,1
 8.3105E-01,1
 8.2813E-01,1
 8.2813E-01,1
 8.2617E-01,1
 8.2520E-01,1
 8.2324E-01,1
 8.2422E-01,1
 8.2129E-01,1
 8.1641E-01,1
 8.1836E-01,1
 8.1543E-01,1
 8.1348E-01,1
 8.1348E-01,1
 8.1250E-01,1
 8.0957E-01,1
 8.0762E-01,1
 8.0664E-01,1
 8.0469E-01,1
 8.0469E-01,1
 8.0371E-01,1
 7.9980E-01,1
 7.9785E-01,1
 7.9590E-01,1
 7.9297E-01,1
 7.9395E-01,1
 7.9297E-01,1
 7.9004E-01,1
 7.9004E-01,1
 7.8711E-01,1
 7.8320E-01,1
 7.8223E-01,1
 7.8027E-01,1
 7.7734E-01,1
 7.7832E-01,1
 7.7539E-01,1
 7.7539E-01,1
 7.7441E-01,1
 7.7051E-01,1
 7.6758E-01,1
 7.6660E-01,1
 7.6563E-01,1
 7.6465E-01,1
 7.6367E-01,1
 7.6074E-01,1
 7.6074E-01,1
 7.5977E-01,1
 7.5781E-01,1
 7.5488E-01,1
 7.5391E-01,1
 7.5391E-01,1
 7.5000E-01,1
 7.4902E-01,1
 7.4707E-01,1
 7.4805E-01,3,3,0,10-17-17,14:35:12,"Added 50uL ML"
 7.4512E-01,1
 7.4805E-01,1
 7.4902E-01,1
 7.4805E-01,1
 7.5195E-01,1
 7.5293E-01,1
 7.5195E-01,1
 7.5000E-01,1
 7.5098E-01,1
 7.4805E-01,1
 7.4902E-01,1
 7.5098E-01,1
 7.4902E-01,1
 7.5000E-01,1
 7.5098E-01,1
 7.5098E-01,1
 7.4902E-01,1
 7.5000E-01,1
 7.5098E-01,1
 7.5000E-01,1
 7.5000E-01,1
 7.5195E-01,1
 7.5000E-01,1
 7.4902E-01,1
 7.5000E-01,1
 7.5000E-01,1
 7.5098E-01,1
 7.5195E-01,1
 7.5195E-01,1
 7.5000E-01,1
 7.4902E-01,1
 7.5000E-01,1
 7.5000E-01,1
 7.5195E-01,1
 7.5098E-01,1
 7.5195E-01,1
 7.5195E-01,1
 7.5000E-01,1
 7.5000E-01,1
 7.5195E-01,1
 7.5195E-01,1
 7.4805E-01,1
 7.5293E-01,1
 7.5098E-01,1
 7.5098E-01,1
 7.5195E-01,1
 7.5000E-01,1
 7.4902E-01,1
 7.5000E-01,1
 7.4902E-01,1
 7.5000E-01,1
 7.5000E-01,1
 7.5000E-01,1
 7.5000E-01,1
 7.5098E-01,1
 7.5195E-01,1
 7.5000E-01,1
 7.5000E-01,1
 7.5195E-01,1
 7.5195E-01,1
 7.5098E-01,1
 7.5098E-01,1
 7.5391E-01,1
 7.5000E-01,1
 7.4805E-01,1
 7.5000E-01,1
 7.5000E-01,1
 7.5098E-01,1
 7.5195E-01,1
 7.5195E-01,1
 7.5195E-01,1
 7.5195E-01,1
 7.5293E-01,1
 7.5000E-01,1
 7.5195E-01,1
 7.5195E-01,1
 7.5391E-01,1
 7.5195E-01,1
 7.5098E-01,1
 7.5195E-01,1
 7.5098E-01,1
 7.5293E-01,1
 7.5195E-01,1
 7.5195E-01,1
 7.5293E-01,1
 7.5293E-01,1
 7.5098E-01,1
 7.5000E-01,1
 7.5098E-01,1
 7.5000E-01,1
 7.5000E-01,1
 7.5391E-01,1
 7.5293E-01,1
 7.5195E-01,1
 7.5391E-01,1
 7.5195E-01,1
 7.5000E-01,1
 7.5195E-01,1
 7.5195E-01,1
 7.5195E-01,1
 7.5195E-01,1
 7.5293E-01,1
 7.5293E-01,1
 7.5586E-01,1
 7.5391E-01,1
 7.5391E-01,1
 7.5195E-01,1
 7.5098E-01,1
 7.5293E-01,1
 7.5195E-01,1
 7.5195E-01,1
 7.5391E-01,1
 7.5293E-01,1
 7.4902E-01,1
 7.5195E-01,1
 7.5195E-01,1
 7.5195E-01,1
 7.5195E-01,1
 7.5195E-01,1
 7.5391E-01,1
 7.5293E-01,1
 7.5293E-01,1
 7.5391E-01,1
 7.5293E-01,1
 7.5488E-01,1
 7.5488E-01,1
 7.5195E-01,1
 7.5293E-01,1
 7.5098E-01,1
 7.5000E-01,1
 7.5098E-01,1
 7.5195E-01,1
 7.5293E-01,1
 7.5195E-01,1
 7.5391E-01,1
 7.5098E-01,1
 7.5391E-01,1
 7.5293E-01,1
 7.5195E-01,1
 7.5098E-01,1
 7.5293E-01,1
 7.5488E-01,1
 7.5293E-01,1
 7.5195E-01,1
 7.5391E-01,1
 7.5293E-01,1
 7.5293E-01,1
 7.5098E-01,1
 7.5391E-01,1
 7.5195E-01,1
 7.5293E-01,1
 7.5293E-01,1
 7.5195E-01,1
 7.5098E-01,1
 7.5293E-01,1
 7.5195E-01,1
 7.5098E-01,1
 7.5293E-01,1
 7.5586E-01,1
 7.5391E-01,1
 7.5391E-01,1
 7.5293E-01,1
 7.5195E-01,1
 7.5195E-01,1
 7.5293E-01,1
 7.5000E-01,1
 7.5195E-01,1
 7.5098E-01,1
 7.5195E-01,1
 7.5391E-01,1
 7.5293E-01,1
 7.5391E-01,1
 7.5195E-01,1
 7.5000E-01,1
 7.5293E-01,1
 7.5586E-01,1
 7.5195E-01,1
 7.5293E-01,1
 7.5293E-01,1
 7.5391E-01,1
 7.5098E-01,1
 7.5098E-01,1
 7.5195E-01,1
 7.5195E-01,1
 7.5195E-01,1
 7.5195E-01,1
 7.5391E-01,1
 7.5293E-01,1
 7.5293E-01,1
 7.5195E-01,1
 7.5195E-01,1
 7.5586E-01,1
 7.5391E-01,1
 7.5000E-01,1
 7.5293E-01,1
 7.5391E-01,1
 7.5098E-01,1
 7.5098E-01,1
 7.5195E-01,1
 7.5195E-01,1
 7.5195E-01,1
 7.5391E-01,1
 7.5195E-01,1
 7.5195E-01,1
 7.5391E-01,1
 7.5195E-01,1
 7.5195E-01,1
 7.5098E-01,1
 7.5391E-01,1
 7.5488E-01,1
 7.5391E-01,1
 7.5195E-01,1
 7.5586E-01,1
 7.5391E-01,1
 7.5195E-01,1
 7.5195E-01,1
 7.5488E-01,1
 7.5391E-01,1
 7.5293E-01,1
 7.5293E-01,1
 7.5293E-01,1
 7.5098E-01,1
 7.5195E-01,1
 7.5195E-01,1
 7.5000E-01,1
 7.5195E-01,1
 7.5586E-01,1
 7.5195E-01,1
 7.5391E-01,1
 7.5488E-01,1
 7.5195E-01,1
 7.5488E-01,1
 7.5488E-01,1
 7.5391E-01,1
 7.5488E-01,1
 7.5293E-01,1
 7.5488E-01,1
 7.5195E-01,1
 7.5293E-01,1
 7.5586E-01,1
 7.5391E-01,1
 7.5195E-01,1
 7.5293E-01,1
 7.5391E-01,1
 7.5391E-01,1
 7.5195E-01,1
 7.5293E-01,1
 7.5293E-01,1
 7.5195E-01,1
 7.5000E-01,1
 7.5293E-01,1
 7.5195E-01,1
 7.5098E-01,1
 7.5391E-01,1
 7.5488E-01,1
 7.5488E-01,1
 7.5293E-01,1
 7.5391E-01,1
