 1.0713E+00,3,1,1,10-10-17,15:09:46
 1.0713E+00,1
 1.0723E+00,1
 1.0723E+00,1
 1.0742E+00,1
 1.0732E+00,1
 1.0732E+00,1
 1.0752E+00,1
 1.0752E+00,1
 1.0752E+00,1
 1.0762E+00,1
 1.0762E+00,1
 1.0752E+00,1
 1.0742E+00,1
 1.0752E+00,1
 1.0752E+00,1
 1.0732E+00,1
 1.0732E+00,1
 1.0752E+00,1
 1.0732E+00,1
 1.0723E+00,1
 1.0732E+00,1
 1.0732E+00,1
 1.0732E+00,1
 1.0732E+00,1
 1.0752E+00,1
 1.0742E+00,1
 1.0732E+00,1
 1.0742E+00,1
 1.0742E+00,1
 1.0742E+00,1
 1.0723E+00,1
 1.0713E+00,1
 1.0732E+00,1
 1.0732E+00,1
 1.0732E+00,1
 1.0732E+00,1
 1.0752E+00,1
 1.0762E+00,1
 1.0752E+00,1
 1.0752E+00,1
 1.0752E+00,1
 1.0752E+00,1
 1.0742E+00,1
 1.0742E+00,1
 1.0742E+00,1
 1.0742E+00,1
 1.0723E+00,1
 1.0713E+00,1
 1.0732E+00,1
 1.0732E+00,1
 1.0742E+00,1
 1.0742E+00,1
 1.0742E+00,1
 1.0752E+00,1
 1.0732E+00,1
 1.0732E+00,1
 1.0762E+00,1
 1.0762E+00,1
 1.0762E+00,1
 1.0752E+00,1
 1.0752E+00,1
 1.0732E+00,1
 1.0723E+00,1
 1.0723E+00,1
 1.0723E+00,1
 1.0713E+00,1
 1.0723E+00,1
 1.0742E+00,1
 1.0723E+00,1
 1.0723E+00,1
 1.0723E+00,1
 1.0732E+00,1
 1.0742E+00,1
 1.0723E+00,1
 1.0723E+00,1
 1.0732E+00,1
 1.0713E+00,1
 1.0723E+00,1
 1.0723E+00,1
 1.0723E+00,1
 1.0732E+00,1
 1.0742E+00,1
 1.0752E+00,1
 1.0742E+00,1
 1.0732E+00,1
 1.0732E+00,1
 1.0723E+00,1
 1.0723E+00,1
 1.0732E+00,1
 1.0732E+00,1
 1.0742E+00,1
 1.0762E+00,1
 1.0762E+00,1
 1.0752E+00,1
 1.0752E+00,1
 1.0732E+00,1
 1.0732E+00,1
 1.0742E+00,1
 1.0752E+00,1
 1.0752E+00,1
 1.0762E+00,1
 1.0752E+00,1
 1.0752E+00,1
 1.0732E+00,1
 1.0762E+00,1
 1.0752E+00,1
 1.0742E+00,1
 1.0732E+00,1
 1.0732E+00,1
 1.0742E+00,1
 1.0723E+00,1
 1.0732E+00,1
 1.0752E+00,1
 1.0742E+00,1
 1.0752E+00,1
 1.0752E+00,1
 1.0742E+00,1
 1.0723E+00,1
 1.0723E+00,1
 1.0732E+00,1
 1.0732E+00,1
 1.0703E+00,1
 1.0723E+00,1
 1.0713E+00,1
 1.0723E+00,1
 1.0723E+00,1
 1.0723E+00,1
 1.0723E+00,1
 1.0723E+00,1
 1.0723E+00,1
 1.0723E+00,1
 1.0723E+00,1
 1.0723E+00,1
 1.0732E+00,1
 1.0732E+00,1
 1.0723E+00,1
 1.0723E+00,1
 1.0732E+00,1
 1.0723E+00,1
 1.0723E+00,1
 1.0732E+00,1
 1.0742E+00,1
 1.0732E+00,1
 1.0742E+00,1
 1.0732E+00,1
 1.0732E+00,1
 1.0762E+00,1
 1.0771E+00,1
 1.0742E+00,1
 1.0732E+00,1
 1.0742E+00,1
 1.0742E+00,1
 1.0742E+00,1
 1.0723E+00,1
 1.0732E+00,1
 1.0742E+00,1
 1.0752E+00,1
 1.0742E+00,1
 1.0742E+00,1
 1.0713E+00,1
 1.0713E+00,1
 1.0723E+00,1
 1.0732E+00,1
 1.0723E+00,1
 1.0713E+00,1
 1.0723E+00,1
 1.0713E+00,1
 1.0723E+00,1
 1.0752E+00,1
 1.0723E+00,1
 1.0723E+00,1
 1.0732E+00,1
 1.0713E+00,1
 1.0703E+00,1
 1.0703E+00,1
 1.0693E+00,1
 1.0703E+00,1
 1.0713E+00,1
 1.0723E+00,3,2,0,10-10-17,15:12:45,"50uM succinate"
 1.0713E+00,1
 1.0713E+00,1
 1.0713E+00,1
 1.0674E+00,1
 1.0654E+00,1
 1.0654E+00,1
 1.0654E+00,1
 1.0645E+00,1
 1.0635E+00,1
 1.0615E+00,1
 1.0615E+00,1
 1.0596E+00,1
 1.0576E+00,1
 1.0557E+00,1
 1.0557E+00,1
 1.0547E+00,1
 1.0547E+00,1
 1.0527E+00,1
 1.0508E+00,1
 1.0518E+00,1
 1.0479E+00,1
 1.0449E+00,1
 1.0439E+00,1
 1.0459E+00,1
 1.0430E+00,1
 1.0410E+00,1
 1.0400E+00,1
 1.0371E+00,1
 1.0352E+00,1
 1.0332E+00,1
 1.0313E+00,1
 1.0303E+00,1
 1.0303E+00,1
 1.0283E+00,1
 1.0273E+00,1
 1.0254E+00,1
 1.0254E+00,1
 1.0225E+00,1
 1.0215E+00,1
 1.0205E+00,1
 1.0205E+00,1
 1.0186E+00,1
 1.0186E+00,1
 1.0176E+00,1
 1.0156E+00,1
 1.0156E+00,1
 1.0146E+00,1
 1.0117E+00,1
 1.0117E+00,1
 1.0098E+00,1
 1.0078E+00,1
 1.0059E+00,1
 1.0049E+00,1
 1.0049E+00,1
 1.0029E+00,1
 9.9902E-01,1
 9.9902E-01,1
 9.9902E-01,1
 9.9805E-01,1
 9.9805E-01,1
 9.9609E-01,1
 9.9512E-01,1
 9.9316E-01,1
 9.9414E-01,1
 9.9121E-01,1
 9.8926E-01,1
 9.8730E-01,1
 9.8633E-01,1
 9.8340E-01,1
 9.8145E-01,1
 9.8145E-01,1
 9.7949E-01,1
 9.7949E-01,1
 9.8145E-01,1
 9.8145E-01,1
 9.7949E-01,1
 9.7754E-01,1
 9.7461E-01,1
 9.7363E-01,1
 9.7070E-01,1
 9.6973E-01,1
 9.6875E-01,1
 9.6875E-01,1
 9.6777E-01,1
 9.6680E-01,1
 9.6582E-01,1
 9.6582E-01,1
 9.6387E-01,1
 9.6289E-01,1
 9.6191E-01,1
 9.6094E-01,1
 9.5898E-01,1
 9.5703E-01,1
 9.5703E-01,1
 9.5605E-01,1
 9.5605E-01,1
 9.5508E-01,1
 9.5215E-01,1
 9.5117E-01,1
 9.5020E-01,1
 9.4824E-01,1
 9.4727E-01,1
 9.4629E-01,1
