 1.0674E+00,3,1,1,10-10-17,16:38:11
 1.0684E+00,1
 1.0674E+00,1
 1.0703E+00,1
 1.0674E+00,1
 1.0703E+00,1
 1.0693E+00,1
 1.0693E+00,1
 1.0713E+00,1
 1.0723E+00,1
 1.0723E+00,1
 1.0713E+00,1
 1.0723E+00,1
 1.0723E+00,1
 1.0723E+00,1
 1.0703E+00,1
 1.0664E+00,1
 1.0693E+00,1
 1.0684E+00,1
 1.0703E+00,1
 1.0713E+00,1
 1.0703E+00,1
 1.0693E+00,1
 1.0713E+00,1
 1.0713E+00,1
 1.0703E+00,1
 1.0713E+00,1
 1.0713E+00,1
 1.0713E+00,1
 1.0693E+00,1
 1.0713E+00,1
 1.0713E+00,1
 1.0713E+00,1
 1.0723E+00,1
 1.0723E+00,1
 1.0723E+00,1
 1.0723E+00,1
 1.0693E+00,1
 1.0684E+00,1
 1.0674E+00,1
 1.0684E+00,1
 1.0684E+00,1
 1.0703E+00,1
 1.0723E+00,1
 1.0703E+00,1
 1.0703E+00,1
 1.0713E+00,1
 1.0713E+00,1
 1.0703E+00,1
 1.0703E+00,1
 1.0703E+00,1
 1.0723E+00,1
 1.0713E+00,1
 1.0723E+00,1
 1.0732E+00,1
 1.0713E+00,1
 1.0723E+00,1
 1.0732E+00,1
 1.0723E+00,1
 1.0713E+00,1
 1.0713E+00,1
 1.0713E+00,1
 1.0713E+00,1
 1.0703E+00,1
 1.0703E+00,1
 1.0713E+00,1
 1.0703E+00,1
 1.0713E+00,1
 1.0723E+00,1
 1.0732E+00,1
 1.0732E+00,1
 1.0732E+00,1
 1.0703E+00,1
 1.0723E+00,1
 1.0723E+00,1
 1.0713E+00,1
 1.0693E+00,1
 1.0693E+00,1
 1.0703E+00,1
 1.0684E+00,1
 1.0693E+00,1
 1.0693E+00,1
 1.0703E+00,1
 1.0693E+00,1
 1.0703E+00,1
 1.0713E+00,1
 1.0703E+00,1
 1.0723E+00,1
 1.0723E+00,1
 1.0703E+00,1
 1.0693E+00,1
 1.0684E+00,1
 1.0693E+00,1
 1.0713E+00,1
 1.0713E+00,1
 1.0723E+00,1
 1.0703E+00,1
 1.0723E+00,1
 1.0693E+00,1
 1.0693E+00,1
 1.0713E+00,1
 1.0703E+00,1
 1.0703E+00,1
 1.0703E+00,1
 1.0703E+00,1
 1.0703E+00,1
 1.0693E+00,1
 1.0693E+00,1
 1.0693E+00,1
 1.0693E+00,1
 1.0723E+00,1
 1.0703E+00,1
 1.0723E+00,1
 1.0723E+00,1
 1.0713E+00,1
 1.0693E+00,1
 1.0674E+00,1
 1.0693E+00,1
 1.0703E+00,1
 1.0703E+00,1
 1.0693E+00,1
 1.0703E+00,1
 1.0693E+00,1
 1.0703E+00,1
 1.0684E+00,1
 1.0703E+00,1
 1.0693E+00,1
 1.0713E+00,1
 1.0713E+00,1
 1.0703E+00,1
 1.0703E+00,1
 1.0723E+00,1
 1.0713E+00,1
 1.0684E+00,1
 1.0703E+00,1
 1.0684E+00,1
 1.0693E+00,1
 1.0684E+00,1
 1.0693E+00,1
 1.0664E+00,1
 1.0684E+00,1
 1.0723E+00,1
 1.0693E+00,1
 1.0693E+00,1
 1.0713E+00,1
 1.0703E+00,1
 1.0674E+00,1
 1.0684E+00,1
 1.0693E+00,1
 1.0674E+00,1
 1.0684E+00,1
 1.0684E+00,1
 1.0684E+00,1
 1.0684E+00,1
 1.0664E+00,1
 1.0693E+00,1
 1.0703E+00,1
 1.0693E+00,1
 1.0713E+00,1
 1.0693E+00,1
 1.0693E+00,1
 1.0703E+00,1
 1.0713E+00,1
 1.0674E+00,1
 1.0693E+00,1
 1.0693E+00,1
 1.0684E+00,1
 1.0703E+00,1
 1.0713E+00,1
 1.0693E+00,1
 1.0684E+00,1
 1.0693E+00,1
 1.0684E+00,1
 1.0693E+00,1
 1.0684E+00,1
 1.0693E+00,1
 1.0684E+00,1
 1.0684E+00,1
 1.0684E+00,1
 1.0654E+00,1
 1.0684E+00,1
 1.0684E+00,1
 1.0703E+00,1
 1.0713E+00,1
 1.0713E+00,1
 1.0713E+00,1
 1.0713E+00,1
 1.0664E+00,1
 1.0664E+00,1
 1.0674E+00,1
 1.0684E+00,1
 1.0703E+00,1
 1.0703E+00,1
 1.0713E+00,1
 1.0713E+00,1
 1.0703E+00,1
 1.0713E+00,1
 1.0693E+00,1
 1.0703E+00,1
 1.0713E+00,1
 1.0723E+00,1
 1.0693E+00,1
 1.0693E+00,1
 1.0703E+00,1
 1.0674E+00,1
 1.0693E+00,1
 1.0713E+00,1
 1.0693E+00,1
 1.0664E+00,1
 1.0693E+00,1
 1.0684E+00,3,2,0,10-10-17,16:41:41,"50um succinate"
 1.0664E+00,1
 1.0674E+00,1
 1.0693E+00,1
 1.0664E+00,1
 1.0674E+00,1
 1.0684E+00,1
 1.0664E+00,1
 1.0645E+00,1
 1.0654E+00,1
 1.0635E+00,1
 1.0615E+00,1
 1.0605E+00,1
 1.0596E+00,1
 1.0586E+00,1
 1.0566E+00,1
 1.0566E+00,1
 1.0537E+00,1
 1.0527E+00,1
 1.0508E+00,1
 1.0488E+00,1
 1.0479E+00,1
 1.0498E+00,1
 1.0479E+00,1
 1.0449E+00,1
 1.0439E+00,1
 1.0449E+00,1
 1.0439E+00,1
 1.0430E+00,1
 1.0420E+00,1
 1.0410E+00,1
 1.0400E+00,1
 1.0391E+00,1
 1.0381E+00,1
 1.0371E+00,1
 1.0332E+00,1
 1.0352E+00,1
 1.0332E+00,1
 1.0313E+00,1
 1.0303E+00,1
 1.0293E+00,1
 1.0264E+00,1
 1.0244E+00,1
 1.0244E+00,1
 1.0234E+00,1
 1.0215E+00,1
 1.0215E+00,1
 1.0215E+00,1
 1.0186E+00,1
 1.0195E+00,1
 1.0176E+00,1
 1.0146E+00,1
 1.0127E+00,1
 1.0137E+00,1
 1.0107E+00,1
 1.0088E+00,1
 1.0078E+00,1
 1.0078E+00,1
 1.0078E+00,1
 1.0049E+00,1
 1.0029E+00,1
 1.0020E+00,1
 1.0029E+00,1
 1.0020E+00,1
 9.9707E-01,1
 9.9707E-01,1
 9.9512E-01,1
 9.9414E-01,1
 9.9316E-01,1
 9.9414E-01,1
 9.9316E-01,1
 9.9219E-01,1
 9.8926E-01,1
 9.8926E-01,1
 9.8633E-01,1
 9.8340E-01,1
 9.8242E-01,1
 9.8242E-01,1
 9.8145E-01,1
 9.7949E-01,1
 9.7852E-01,1
 9.7559E-01,1
 9.7461E-01,1
 9.7168E-01,1
 9.6973E-01,1
 9.7070E-01,1
 9.7168E-01,1
 9.6973E-01,1
 9.6875E-01,1
 9.6777E-01,1
 9.6777E-01,1
 9.6484E-01,1
 9.6387E-01,1
 9.6289E-01,1
 9.5996E-01,1
 9.5898E-01,1
 9.5703E-01,1
 9.5801E-01,1
 9.5605E-01,1
 9.5703E-01,1
 9.5605E-01,1
 9.5410E-01,1
 9.4824E-01,1
 9.3262E-01,1
 9.0918E-01,1
 8.8184E-01,1
 8.6230E-01,1
 8.4473E-01,1
 8.3105E-01,1
 8.1348E-01,1
 8.0273E-01,1
 7.9102E-01,1
 7.7734E-01,1
 7.7344E-01,1
 7.6758E-01,1
 7.6465E-01,1
 7.5684E-01,1
 7.5098E-01,1
 7.4414E-01,1
 7.3535E-01,1
 7.3242E-01,1
 7.3242E-01,1
 7.3535E-01,1
 7.3535E-01,1
 7.3633E-01,1
 7.3730E-01,1
 7.3730E-01,1
 7.3438E-01,1
 7.2754E-01,1
 7.2461E-01,1
 7.2754E-01,1
 7.2559E-01,1
 7.1973E-01,1
 7.1680E-01,1
 7.1289E-01,1
 7.1191E-01,1
 7.1484E-01,1
 7.1484E-01,1
 7.1484E-01,1
 7.1484E-01,1
 7.1191E-01,1
 7.1094E-01,1
 7.0996E-01,1
 7.0898E-01,1
 7.0313E-01,1
 7.0313E-01,1
 6.9922E-01,1
 7.0215E-01,1
 7.0215E-01,1
 7.0313E-01,1
 7.0313E-01,1
 7.0410E-01,1
 7.0020E-01,1
 6.9922E-01,1
 6.9531E-01,1
 6.9531E-01,1
 7.0020E-01,1
 7.1289E-01,1
 7.2559E-01,1
 7.4609E-01,1
 7.7734E-01,1
 8.0957E-01,1
 8.3301E-01,1
 8.5254E-01,1
 8.6621E-01,1
 8.7305E-01,1
 8.7988E-01,3,3,0,10-10-17,16:44:27,"50um malonate"
 8.8379E-01,1
 8.8672E-01,1
 8.8672E-01,1
 8.8770E-01,1
 8.8770E-01,1
 8.8770E-01,1
 8.8867E-01,1
 8.8770E-01,1
 8.8770E-01,1
 8.8770E-01,1
 8.8965E-01,1
 8.9160E-01,1
 8.8965E-01,1
 8.9063E-01,1
 8.9258E-01,1
 8.8965E-01,1
 8.9063E-01,1
 8.9063E-01,1
 8.8965E-01,1
 8.8965E-01,1
 8.9160E-01,1
 8.9160E-01,1
 8.8965E-01,1
 8.9063E-01,1
 8.9160E-01,1
 8.8965E-01,1
 8.8965E-01,1
 8.8965E-01,1
 8.8965E-01,1
 8.9160E-01,1
 8.9063E-01,1
 8.9063E-01,1
 8.9258E-01,1
 8.8965E-01,1
 8.9160E-01,1
 8.9258E-01,1
 8.9160E-01,1
 8.9355E-01,1
 8.9258E-01,1
 8.8965E-01,1
 8.8965E-01,1
 8.9160E-01,1
 8.9355E-01,1
 8.9258E-01,1
 8.9355E-01,1
 8.9258E-01,1
 8.9160E-01,1
 8.9355E-01,1
 8.9355E-01,1
 8.9453E-01,1
 8.9551E-01,1
 8.9746E-01,1
 8.9355E-01,1
 8.9258E-01,1
 8.9063E-01,1
 8.9063E-01,1
 8.9160E-01,1
 8.9258E-01,1
 8.8867E-01,1
 8.8965E-01,1
 8.8965E-01,1
 8.8770E-01,1
 8.9063E-01,1
 8.9258E-01,1
 8.9355E-01,1
 8.8965E-01,1
 8.9258E-01,1
 8.9258E-01,1
 8.8867E-01,1
 8.8965E-01,1
 8.9160E-01,1
 8.8965E-01,1
 8.9160E-01,1
 8.8965E-01,1
 8.9063E-01,1
 8.8867E-01,1
 8.8965E-01,1
 8.9063E-01,1
 8.9063E-01,1
 8.8867E-01,1
 8.9063E-01,1
 8.8867E-01,1
 8.8965E-01,1
 8.8770E-01,1
 8.8867E-01,1
 8.8965E-01,1
 8.8867E-01,1
 8.9160E-01,1
 8.9160E-01,1
 8.8867E-01,1
 8.8965E-01,1
 8.9160E-01,1
 8.9160E-01,1
 8.9160E-01,1
 8.9160E-01,1
 8.9063E-01,1
 8.8770E-01,1
 8.8965E-01,1
 8.9063E-01,1
 8.9160E-01,1
 8.9063E-01,1
 8.9063E-01,1
 8.9063E-01,1
 8.8965E-01,1
 8.9063E-01,1
 8.9258E-01,1
 8.9355E-01,1
 8.9160E-01,1
 8.9063E-01,1
 8.8867E-01,1
 8.8965E-01,1
 8.9063E-01,1
 8.9063E-01,1
 8.8965E-01,1
 8.8965E-01,1
 8.9160E-01,1
 8.9063E-01,1
 8.9063E-01,1
 8.9258E-01,1
 8.9258E-01,1
 8.9063E-01,1
 8.9063E-01,1
 8.9063E-01,1
 8.9258E-01,1
 8.9258E-01,1
 8.9160E-01,1
 8.9160E-01,1
 8.9160E-01,1
 8.8867E-01,1
 8.8867E-01,1
 8.9063E-01,1
 8.9160E-01,1
 8.9063E-01,1
 8.8965E-01,1
 8.9160E-01,1
 8.9063E-01,1
 8.9160E-01,1
 8.9160E-01,1
 8.9258E-01,1
 8.9355E-01,1
 8.9160E-01,1
 8.9160E-01,1
 8.9258E-01,1
 8.9160E-01,1
 8.9453E-01,1
 8.9355E-01,1
 8.9160E-01,1
 8.8965E-01,1
 8.9063E-01,1
 8.9063E-01,1
 8.8867E-01,1
 8.8965E-01,1
 8.8965E-01,1
 8.9063E-01,1
 8.9258E-01,1
 8.9258E-01,1
 8.8867E-01,1
 8.8770E-01,1
 8.8965E-01,1
 8.9063E-01,1
 8.8965E-01,1
 8.9063E-01,1
 8.8965E-01,1
 8.8867E-01,1
 8.8867E-01,1
 8.8965E-01,1
 8.9063E-01,1
 8.9063E-01,1
 8.9160E-01,1
 8.9258E-01,1
 8.9063E-01,1
 8.9160E-01,1
 8.8574E-01,1
 8.7109E-01,1
 8.5059E-01,1
 8.3203E-01,1
 8.1250E-01,1
 8.0273E-01,1
 8.0859E-01,1
 8.2324E-01,1
 8.4180E-01,1
 8.5547E-01,1
 8.6816E-01,1
 8.7695E-01,1
 8.8086E-01,1
 8.8379E-01,1
 8.8672E-01,1
 8.8672E-01,1
 8.8867E-01,1
 8.9063E-01,1
 8.9160E-01,1
 8.8965E-01,1
 8.8867E-01,1
 8.8965E-01,1
 8.8867E-01,1
 8.8965E-01,1
 8.8965E-01,1
