 1.0781E+00,3,1,1,10-03-17,15:20:31
 1.0762E+00,1
 1.0801E+00,1
 1.0801E+00,1
 1.0791E+00,1
 1.0811E+00,1
 1.0801E+00,1
 1.0801E+00,1
 1.0801E+00,1
 1.0801E+00,1
 1.0830E+00,1
 1.0840E+00,1
 1.0830E+00,1
 1.0840E+00,1
 1.0830E+00,1
 1.0850E+00,1
 1.0840E+00,1
 1.0830E+00,1
 1.0869E+00,1
 1.0830E+00,1
 1.0850E+00,1
 1.0859E+00,1
 1.0859E+00,1
 1.0859E+00,1
 1.0850E+00,1
 1.0850E+00,1
 1.0859E+00,1
 1.0840E+00,1
 1.0850E+00,1
 1.0840E+00,1
 1.0859E+00,1
 1.0859E+00,1
 1.0830E+00,1
 1.0840E+00,1
 1.0840E+00,1
 1.0830E+00,1
 1.0850E+00,1
 1.0830E+00,1
 1.0840E+00,1
 1.0830E+00,1
 1.0840E+00,1
 1.0830E+00,1
 1.0820E+00,1
 1.0830E+00,1
 1.0820E+00,1
 1.0840E+00,1
 1.0830E+00,1
 1.0820E+00,1
 1.0820E+00,1
 1.0811E+00,1
 1.0820E+00,1
 1.0820E+00,1
 1.0820E+00,1
 1.0811E+00,1
 1.0820E+00,1
 1.0820E+00,1
 1.0801E+00,1
 1.0811E+00,1
 1.0801E+00,1
 1.0820E+00,1
 1.0791E+00,1
 1.0791E+00,1
 1.0791E+00,1
 1.0811E+00,1
 1.0820E+00,1
 1.0801E+00,1
 1.0791E+00,1
 1.0791E+00,1
 1.0801E+00,1
 1.0791E+00,1
 1.0781E+00,1
 1.0791E+00,1
 1.0771E+00,1
 1.0811E+00,1
 1.0791E+00,1
 1.0781E+00,1
 1.0801E+00,1
 1.0771E+00,1
 1.0781E+00,1
 1.0781E+00,1
 1.0762E+00,1
 1.0771E+00,1
 1.0762E+00,1
 1.0762E+00,1
 1.0791E+00,1
 1.0742E+00,1
 1.0771E+00,1
 1.0762E+00,1
 1.0742E+00,1
 1.0742E+00,1
 1.0742E+00,1
 1.0762E+00,1
 1.0752E+00,1
 1.0742E+00,1
 1.0752E+00,1
 1.0723E+00,1
 1.0752E+00,1
 1.0752E+00,1
 1.0732E+00,1
 1.0742E+00,1
 1.0752E+00,1
 1.0732E+00,1
 1.0742E+00,1
 1.0723E+00,1
 1.0742E+00,1
 1.0713E+00,1
 1.0723E+00,1
 1.0732E+00,1
 1.0742E+00,1
 1.0723E+00,1
 1.0732E+00,1
 1.0713E+00,1
 1.0703E+00,1
 1.0703E+00,1
 1.0703E+00,1
 1.0703E+00,1
 1.0713E+00,1
 1.0723E+00,1
 1.0693E+00,1
 1.0713E+00,1
 1.0713E+00,1
 1.0703E+00,1
 1.0713E+00,1
 1.0703E+00,1
 1.0703E+00,1
 1.0693E+00,1
 1.0684E+00,1
 1.0713E+00,1
 1.0703E+00,1
 1.0684E+00,1
 1.0674E+00,1
 1.0674E+00,1
 1.0713E+00,1
 1.0684E+00,1
 1.0664E+00,1
 1.0664E+00,1
 1.0684E+00,1
 1.0693E+00,1
 1.0654E+00,1
 1.0693E+00,1
 1.0654E+00,1
 1.0664E+00,1
 1.0693E+00,1
 1.0654E+00,1
 1.0664E+00,1
 1.0664E+00,1
 1.0684E+00,1
 1.0684E+00,1
 1.0664E+00,1
 1.0674E+00,1
 1.0693E+00,1
 1.0674E+00,1
 1.0684E+00,1
 1.0674E+00,1
 1.0654E+00,1
 1.0664E+00,1
 1.0684E+00,1
 1.0664E+00,1
 1.0664E+00,1
 1.0684E+00,1
 1.0654E+00,1
 1.0674E+00,1
 1.0664E+00,1
 1.0654E+00,1
 1.0654E+00,1
 1.0645E+00,1
 1.0645E+00,1
 1.0664E+00,1
 1.0635E+00,1
 1.0635E+00,1
 1.0635E+00,1
 1.0654E+00,1
 1.0654E+00,1
 1.0645E+00,1
 1.0674E+00,1
 1.0645E+00,1
 1.0635E+00,1
 1.0654E+00,1
 1.0645E+00,1
 1.0645E+00,1
 1.0664E+00,1
 1.0664E+00,1
 1.0664E+00,1
 1.0654E+00,1
 1.0654E+00,1
 1.0664E+00,1
 1.0654E+00,1
 1.0645E+00,1
 1.0645E+00,1
 1.0645E+00,1
 1.0576E+00,1
 1.0410E+00,1
 1.0146E+00,1
 9.8633E-01,1
 9.6191E-01,1
 9.3359E-01,1
 9.0723E-01,1
 8.8672E-01,1
 8.6914E-01,1
 8.6035E-01,1
 8.6133E-01,1
 8.9453E-01,1
 9.4727E-01,1
 9.8730E-01,1
 1.0166E+00,1
 1.0371E+00,1
 1.0498E+00,1
 1.0537E+00,1
 1.0557E+00,1
 1.0625E+00,1
 1.0596E+00,1
 1.0635E+00,1
 1.0615E+00,1
 1.0615E+00,1
 1.0635E+00,1
 1.0615E+00,1
 1.0635E+00,1
 1.0615E+00,1
 1.0625E+00,1
 1.0635E+00,1
 1.0615E+00,1
 1.0605E+00,1
 1.0625E+00,1
 1.0615E+00,1
 1.0605E+00,1
 1.0615E+00,1
 1.0635E+00,1
 1.0615E+00,1
 1.0635E+00,1
 1.0615E+00,1
 1.0615E+00,1
 1.0596E+00,1
 1.0596E+00,1
 1.0596E+00,1
 1.0586E+00,1
 1.0605E+00,1
 1.0596E+00,1
 1.0605E+00,1
 1.0625E+00,1
 1.0596E+00,1
 1.0596E+00,1
 1.0605E+00,1
 1.0596E+00,1
 1.0605E+00,1
 1.0596E+00,1
 1.0586E+00,1
 1.0605E+00,1
 1.0596E+00,1
 1.0596E+00,1
 1.0576E+00,1
 1.0596E+00,1
 1.0576E+00,1
 1.0596E+00,1
 1.0596E+00,1
 1.0576E+00,1
 1.0605E+00,1
 1.0566E+00,1
 1.0605E+00,1
 1.0586E+00,1
 1.0576E+00,1
 1.0596E+00,1
 1.0566E+00,1
 1.0615E+00,1
 1.0576E+00,1
 1.0566E+00,1
 1.0596E+00,1
 1.0566E+00,1
 1.0596E+00,1
 1.0557E+00,1
 1.0586E+00,1
 1.0576E+00,1
 1.0557E+00,1
 1.0586E+00,1
 1.0547E+00,1
 1.0576E+00,1
 1.0547E+00,1
 1.0576E+00,1
 1.0557E+00,1
 1.0566E+00,1
 1.0576E+00,1
 1.0557E+00,1
 1.0566E+00,1
 1.0537E+00,1
 1.0537E+00,1
 1.0576E+00,1
 1.0566E+00,1
 1.0576E+00,1
 1.0537E+00,1
 1.0557E+00,1
 1.0547E+00,1
 1.0547E+00,1
 1.0537E+00,1
 1.0547E+00,3,2,0,10-03-17,15:25:23,"50um succinate"
 1.0527E+00,1
 1.0527E+00,1
 1.0527E+00,1
 1.0527E+00,1
 1.0508E+00,1
 1.0508E+00,1
 1.0479E+00,1
 1.0479E+00,1
 1.0439E+00,1
 1.0449E+00,1
 1.0430E+00,1
 1.0430E+00,1
 1.0410E+00,1
 1.0371E+00,1
 1.0391E+00,1
 1.0342E+00,1
 1.0352E+00,1
 1.0322E+00,1
 1.0322E+00,1
 1.0293E+00,1
 1.0303E+00,1
 1.0273E+00,1
 1.0254E+00,1
 1.0234E+00,1
 1.0225E+00,1
 1.0195E+00,1
 1.0205E+00,1
 1.0156E+00,1
 1.0166E+00,1
 1.0137E+00,1
 1.0098E+00,1
 1.0117E+00,1
 1.0078E+00,1
 1.0068E+00,1
 1.0059E+00,1
 1.0039E+00,1
 1.0039E+00,1
 1.0020E+00,1
 1.0020E+00,1
 9.9805E-01,1
 9.9707E-01,1
 9.9609E-01,1
 9.9414E-01,1
 9.9609E-01,1
 9.8926E-01,1
 9.9121E-01,1
 9.8730E-01,1
 9.8730E-01,1
 9.8438E-01,1
 9.8242E-01,1
 9.8340E-01,1
 9.8047E-01,1
 9.7949E-01,1
 9.7852E-01,1
 9.7559E-01,1
 9.7754E-01,1
 9.7363E-01,1
 9.7168E-01,1
 9.6973E-01,1
 9.7070E-01,1
 9.6777E-01,1
 9.6582E-01,1
 9.6680E-01,1
 9.6387E-01,1
 9.6289E-01,1
 9.6094E-01,1
 9.6094E-01,1
 9.5801E-01,1
 9.5898E-01,1
 9.5605E-01,1
 9.5410E-01,1
 9.5313E-01,1
 9.5020E-01,1
 9.5020E-01,1
 9.4727E-01,1
 9.4727E-01,1
 9.4336E-01,1
 9.4238E-01,1
 9.4336E-01,1
 9.3945E-01,1
 9.3945E-01,1
 9.3555E-01,1
 9.3555E-01,1
 9.3555E-01,1
 9.3359E-01,1
 9.3164E-01,1
 9.3262E-01,1
 9.2871E-01,1
 9.2969E-01,1
 9.2383E-01,1
 9.2480E-01,1
 9.2383E-01,1
 9.2383E-01,1
 9.2188E-01,1
 9.1797E-01,1
 9.1699E-01,1
 9.1504E-01,1
 9.1406E-01,1
 9.1309E-01,1
 9.1113E-01,1
 9.0918E-01,1
 9.0723E-01,1
 9.0723E-01,1
 9.0527E-01,1
 9.0332E-01,1
 8.9941E-01,1
 9.0039E-01,1
 8.9844E-01,1
 8.9746E-01,1
 8.9551E-01,1
 8.9453E-01,1
 8.9258E-01,1
 8.9258E-01,1
 8.9063E-01,1
 8.8770E-01,1
 8.8574E-01,1
 8.8477E-01,1
 8.8281E-01,1
 8.8281E-01,1
 8.7891E-01,1
 8.7891E-01,1
 8.7695E-01,1
 8.7402E-01,1
 8.7305E-01,1
 8.7305E-01,1
 8.7109E-01,1
 8.7012E-01,1
 8.6816E-01,1
 8.6621E-01,1
 8.6719E-01,1
 8.6230E-01,1
 8.6328E-01,1
 8.6035E-01,1
 8.6035E-01,1
 8.5840E-01,1
 8.5645E-01,1
 8.5547E-01,1
 8.5352E-01,1
 8.5352E-01,1
 8.5059E-01,1
 8.5059E-01,1
 8.4863E-01,1
 8.4473E-01,1
 8.4863E-01,1
 8.4375E-01,1
 8.4375E-01,1
 8.4082E-01,1
 8.3984E-01,1
 8.3887E-01,1
 8.3887E-01,1
 8.3691E-01,1
 8.3594E-01,1
 8.3203E-01,1
 8.3203E-01,1
 8.3105E-01,1
 8.2910E-01,1
 8.2715E-01,1
 8.2520E-01,1
 8.2715E-01,1
 8.2617E-01,1
 8.2227E-01,1
 8.2422E-01,1
 8.1934E-01,1
 8.1641E-01,1
 8.2031E-01,1
 8.1445E-01,1
 8.1543E-01,1
 8.1250E-01,1
 8.1250E-01,1
 8.1055E-01,1
 8.0859E-01,1
 8.0762E-01,1
 8.0469E-01,1
 8.0566E-01,1
 8.0176E-01,1
 8.0176E-01,1
 8.0078E-01,1
 7.9883E-01,1
 7.9688E-01,1
 7.9492E-01,1
 7.9395E-01,1
 7.9199E-01,1
 7.9004E-01,1
 7.8906E-01,1
 7.8809E-01,1
 7.8711E-01,1
 7.8418E-01,1
 7.8320E-01,1
 7.8027E-01,1
 7.8125E-01,1
 7.7832E-01,1
 7.7832E-01,1
 7.7441E-01,1
 7.7344E-01,1
 7.7246E-01,1
 7.7148E-01,1
 7.6953E-01,1
 7.6953E-01,1
 7.6563E-01,1
 7.6563E-01,1
 7.6074E-01,1
 7.4902E-01,1
 7.3242E-01,1
 7.1387E-01,1
 6.9238E-01,1
 6.7090E-01,1
 6.4844E-01,1
 6.3184E-01,1
 6.2305E-01,1
 6.1621E-01,1
 6.1719E-01,1
 6.2695E-01,1
 6.5625E-01,1
 6.8652E-01,1
 7.0801E-01,1
 7.1875E-01,1
 7.2656E-01,1
 7.3242E-01,1
 7.3047E-01,1
 7.3438E-01,1
 7.3145E-01,1
 7.3047E-01,1
 7.3047E-01,1
 7.2754E-01,1
 7.2852E-01,1
 7.2461E-01,1
 7.2461E-01,1
 7.2266E-01,1
 7.2266E-01,1
 7.1973E-01,1
 7.1777E-01,1
 7.1973E-01,3,3,0,10-03-17,15:29:15,"50um malate and the stirrer stopped"
 7.1875E-01,1
 7.1973E-01,1
 7.1875E-01,1
 7.2070E-01,1
 7.1973E-01,1
 7.1875E-01,1
 7.1973E-01,1
 7.1973E-01,1
 7.1973E-01,1
 7.1875E-01,1
 7.2070E-01,1
 7.2070E-01,1
 7.2070E-01,1
 7.2266E-01,1
 7.1875E-01,1
 7.2266E-01,1
 7.1875E-01,1
 7.2266E-01,1
 7.2070E-01,1
 7.2070E-01,1
 7.2266E-01,1
 7.2070E-01,1
 7.2363E-01,1
 7.2168E-01,1
 7.2363E-01,1
 7.2070E-01,1
 7.2266E-01,1
 7.2168E-01,1
 7.1973E-01,1
 7.2266E-01,1
 7.2070E-01,1
 7.2266E-01,1
 7.2168E-01,1
 7.2168E-01,1
 7.2266E-01,1
 7.2266E-01,1
 7.2168E-01,1
 7.2461E-01,1
 7.2363E-01,1
 7.2363E-01,1
 7.2266E-01,1
 7.2363E-01,1
 7.2266E-01,1
 7.2363E-01,1
 7.2363E-01,1
 7.2168E-01,1
 7.2363E-01,1
 7.2266E-01,1
 7.2559E-01,1
 7.2266E-01,1
 7.2461E-01,1
 7.2363E-01,1
 7.2266E-01,1
 7.2461E-01,1
 7.2363E-01,1
 7.2363E-01,1
 7.2363E-01,1
 7.2559E-01,1
 7.2363E-01,1
 7.2559E-01,1
 7.2363E-01,1
 7.2363E-01,1
 7.2461E-01,1
 7.2266E-01,1
 7.2656E-01,1
 7.2559E-01,1
 7.2461E-01,1
 7.2461E-01,1
 7.2559E-01,1
 7.2656E-01,1
 7.2461E-01,1
 7.2559E-01,1
 7.2559E-01,1
 7.2461E-01,1
 7.2461E-01,1
 7.2656E-01,1
 7.2656E-01,1
 7.2559E-01,1
 7.2363E-01,1
 7.2656E-01,1
 7.2461E-01,1
 7.2754E-01,1
 7.2754E-01,1
 7.2559E-01,1
 7.2754E-01,1
 7.2656E-01,1
 7.2656E-01,1
 7.2559E-01,1
 7.2656E-01,1
 7.2559E-01,1
 7.2559E-01,1
 7.2559E-01,1
 7.2656E-01,1
 7.2754E-01,1
 7.2559E-01,1
 7.2656E-01,1
 7.2559E-01,1
 7.2559E-01,1
 7.2656E-01,1
 7.2461E-01,1
 7.2656E-01,1
 7.2559E-01,1
 7.2656E-01,1
 7.2559E-01,1
 7.2852E-01,1
 7.2852E-01,1
 7.2559E-01,1
 7.2852E-01,1
 7.2559E-01,1
 7.2852E-01,1
 7.2754E-01,1
 7.2656E-01,1
 7.2754E-01,1
 7.2656E-01,1
 7.2656E-01,1
 7.2559E-01,1
 7.2656E-01,1
 7.2656E-01,1
 7.2852E-01,1
 7.2852E-01,1
 7.2656E-01,1
 7.2852E-01,1
 7.2656E-01,1
 7.2852E-01,1
 7.2852E-01,1
 7.2852E-01,1
 7.2754E-01,1
 7.2656E-01,1
 7.2949E-01,1
 7.2656E-01,1
 7.2754E-01,1
 7.2852E-01,1
 7.2754E-01,1
 7.2949E-01,1
 7.2754E-01,1
 7.2852E-01,1
 7.2852E-01,1
 7.2656E-01,1
 7.2949E-01,1
 7.2852E-01,1
 7.2949E-01,1
 7.2852E-01,1
 7.2754E-01,1
 7.2852E-01,1
 7.2852E-01,1
 7.2754E-01,1
 7.2656E-01,1
 7.2949E-01,1
 7.2754E-01,1
 7.2754E-01,1
 7.2852E-01,1
 7.2852E-01,1
 7.2949E-01,1
 7.2852E-01,1
 7.2949E-01,1
 7.3047E-01,1
 7.2949E-01,1
 7.2852E-01,1
 7.2754E-01,1
 7.2754E-01,1
 7.2852E-01,1
 7.2852E-01,1
 7.2949E-01,1
 7.2754E-01,1
 7.2949E-01,1
 7.2852E-01,1
 7.2949E-01,1
 7.2949E-01,1
 7.2949E-01,1
 7.2852E-01,1
 7.2852E-01,1
 7.2852E-01,1
 7.2754E-01,1
 7.3047E-01,1
 7.2852E-01,1
 7.2949E-01,1
 7.2949E-01,1
 7.2949E-01,1
 7.3047E-01,1
 7.2852E-01,1
 7.2949E-01,1
 7.2852E-01,1
 7.3145E-01,1
 7.2949E-01,1
 7.2852E-01,1
 7.3145E-01,1
 7.2852E-01,1
 7.2852E-01,1
 7.3145E-01,1
 7.2949E-01,1
 7.3047E-01,1
 7.2949E-01,1
 7.3047E-01,1
 7.3047E-01,1
 7.2949E-01,1
 7.2949E-01,1
 7.3047E-01,1
 7.2949E-01,1
 7.2949E-01,1
 7.3145E-01,1
 7.2949E-01,1
 7.2949E-01,1
 7.3047E-01,1
 7.2949E-01,1
 7.3145E-01,1
 7.3047E-01,1
 7.3047E-01,1
 7.3047E-01,1
 7.3047E-01,1
 7.2754E-01,1
 7.2852E-01,1
 7.3145E-01,1
 7.2852E-01,1
 7.2949E-01,1
 7.2949E-01,1
 7.3047E-01,1
 7.3047E-01,1
 7.2852E-01,1
 7.2949E-01,1
 7.2852E-01,1
 7.2949E-01,1
 7.3047E-01,1
 7.2852E-01,1
 7.3047E-01,1
 7.2949E-01,1
 7.3047E-01,1
 7.3047E-01,1
 7.2949E-01,1
 7.3145E-01,1
 7.3047E-01,1
 7.3047E-01,1
 7.3047E-01,1
 7.3047E-01,1
 7.2949E-01,1
 7.3047E-01,1
 7.3145E-01,1
 7.2949E-01,1
 7.2949E-01,1
