 1.0781E+00,3,1,1,10-03-17,16:00:44
 1.0752E+00,1
 1.0762E+00,1
 1.0771E+00,1
 1.0762E+00,1
 1.0762E+00,1
 1.0762E+00,1
 1.0762E+00,1
 1.0752E+00,1
 1.0771E+00,1
 1.0713E+00,1
 1.0713E+00,1
 1.0693E+00,1
 1.0703E+00,1
 1.0693E+00,1
 1.0713E+00,1
 1.0703E+00,1
 1.0723E+00,1
 1.0693E+00,1
 1.0723E+00,1
 1.0703E+00,1
 1.0723E+00,1
 1.0713E+00,1
 1.0713E+00,1
 1.0703E+00,1
 1.0723E+00,1
 1.0713E+00,1
 1.0723E+00,1
 1.0713E+00,1
 1.0713E+00,1
 1.0723E+00,1
 1.0732E+00,1
 1.0723E+00,1
 1.0723E+00,1
 1.0703E+00,1
 1.0732E+00,1
 1.0713E+00,1
 1.0723E+00,1
 1.0723E+00,1
 1.0723E+00,1
 1.0713E+00,1
 1.0713E+00,1
 1.0723E+00,1
 1.0703E+00,1
 1.0693E+00,1
 1.0703E+00,1
 1.0703E+00,1
 1.0723E+00,1
 1.0713E+00,1
 1.0713E+00,1
 1.0713E+00,1
 1.0732E+00,1
 1.0713E+00,1
 1.0713E+00,1
 1.0713E+00,1
 1.0713E+00,1
 1.0723E+00,1
 1.0713E+00,1
 1.0732E+00,1
 1.0713E+00,1
 1.0742E+00,1
 1.0713E+00,1
 1.0723E+00,1
 1.0732E+00,1
 1.0713E+00,1
 1.0732E+00,1
 1.0713E+00,1
 1.0713E+00,1
 1.0684E+00,1
 1.0684E+00,1
 1.0674E+00,1
 1.0684E+00,1
 1.0664E+00,1
 1.0674E+00,1
 1.0684E+00,1
 1.0693E+00,1
 1.0713E+00,1
 1.0703E+00,1
 1.0703E+00,1
 1.0713E+00,1
 1.0723E+00,1
 1.0713E+00,1
 1.0713E+00,1
 1.0723E+00,1
 1.0713E+00,1
 1.0723E+00,1
 1.0713E+00,1
 1.0723E+00,1
 1.0713E+00,1
 1.0732E+00,1
 1.0703E+00,1
 1.0723E+00,1
 1.0713E+00,1
 1.0693E+00,1
 1.0713E+00,1
 1.0703E+00,1
 1.0713E+00,1
 1.0703E+00,1
 1.0703E+00,1
 1.0713E+00,1
 1.0713E+00,1
 1.0703E+00,1
 1.0703E+00,1
 1.0713E+00,1
 1.0713E+00,1
 1.0703E+00,1
 1.0713E+00,1
 1.0703E+00,1
 1.0723E+00,1
 1.0703E+00,1
 1.0713E+00,1
 1.0713E+00,1
 1.0723E+00,1
 1.0703E+00,1
 1.0713E+00,1
 1.0693E+00,1
 1.0703E+00,1
 1.0703E+00,1
 1.0693E+00,1
 1.0713E+00,1
 1.0684E+00,1
 1.0713E+00,1
 1.0684E+00,1
 1.0713E+00,1
 1.0684E+00,1
 1.0703E+00,1
 1.0693E+00,1
 1.0703E+00,1
 1.0693E+00,1
 1.0713E+00,1
 1.0693E+00,1
 1.0713E+00,1
 1.0703E+00,1
 1.0723E+00,1
 1.0693E+00,1
 1.0703E+00,1
 1.0693E+00,1
 1.0713E+00,1
 1.0693E+00,1
 1.0703E+00,1
 1.0693E+00,1
 1.0713E+00,1
 1.0693E+00,1
 1.0693E+00,1
 1.0713E+00,1
 1.0693E+00,1
 1.0713E+00,1
 1.0684E+00,1
 1.0693E+00,1
 1.0703E+00,1
 1.0693E+00,1
 1.0586E+00,1
 1.0352E+00,1
 1.0010E+00,1
 9.7070E-01,1
 9.5020E-01,1
 9.5605E-01,1
 9.7070E-01,1
 9.7656E-01,1
 9.6680E-01,1
 9.6875E-01,1
 9.8828E-01,1
 1.0127E+00,1
 1.0313E+00,1
 1.0479E+00,1
 1.0547E+00,1
 1.0605E+00,1
 1.0635E+00,1
 1.0654E+00,1
 1.0684E+00,1
 1.0664E+00,1
 1.0664E+00,1
 1.0684E+00,1
 1.0674E+00,1
 1.0684E+00,1
 1.0674E+00,1
 1.0674E+00,1
 1.0674E+00,1
 1.0693E+00,1
 1.0674E+00,1
 1.0684E+00,1
 1.0664E+00,1
 1.0693E+00,1
 1.0674E+00,1
 1.0674E+00,1
 1.0684E+00,1
 1.0693E+00,1
 1.0664E+00,1
 1.0684E+00,1
 1.0645E+00,1
 1.0674E+00,1
 1.0664E+00,1
 1.0654E+00,1
 1.0703E+00,1
 1.0645E+00,1
 1.0664E+00,1
 1.0654E+00,1
 1.0664E+00,1
 1.0674E+00,1
 1.0654E+00,1
 1.0654E+00,1
 1.0664E+00,1
 1.0664E+00,1
 1.0684E+00,1
 1.0645E+00,1
 1.0674E+00,1
 1.0645E+00,1
 1.0664E+00,1
 1.0654E+00,1
 1.0664E+00,1
 1.0654E+00,1
 1.0674E+00,1
 1.0654E+00,1
 1.0684E+00,1
 1.0645E+00,1
 1.0664E+00,1
 1.0635E+00,1
 1.0674E+00,1
 1.0654E+00,1
 1.0664E+00,1
 1.0635E+00,1
 1.0664E+00,1
 1.0654E+00,1
 1.0674E+00,1
 1.0645E+00,1
 1.0635E+00,1
 1.0654E+00,1
 1.0645E+00,1
 1.0625E+00,1
 1.0615E+00,1
 1.0635E+00,1
 1.0605E+00,3,2,0,10-03-17,16:04:35,"50um succinate"
 1.0625E+00,1
 1.0596E+00,1
 1.0605E+00,1
 1.0566E+00,1
 1.0586E+00,1
 1.0537E+00,1
 1.0527E+00,1
 1.0508E+00,1
 1.0498E+00,1
 1.0479E+00,1
 1.0479E+00,1
 1.0430E+00,1
 1.0420E+00,1
 1.0400E+00,1
 1.0400E+00,1
 1.0361E+00,1
 1.0361E+00,1
 1.0322E+00,1
 1.0322E+00,1
 1.0293E+00,1
 1.0303E+00,1
 1.0244E+00,1
 1.0254E+00,1
 1.0205E+00,1
 1.0225E+00,1
 1.0176E+00,1
 1.0176E+00,1
 1.0146E+00,1
 1.0146E+00,1
 1.0107E+00,1
 1.0107E+00,1
 1.0068E+00,1
 1.0078E+00,1
 1.0029E+00,1
 1.0029E+00,1
 1.0000E+00,1
 9.9902E-01,1
 9.9707E-01,1
 9.9512E-01,1
 9.9316E-01,1
 9.9121E-01,1
 9.9023E-01,1
 9.8730E-01,1
 9.8730E-01,1
 9.8438E-01,1
 9.8340E-01,1
 9.7949E-01,1
 9.7949E-01,1
 9.7656E-01,1
 9.7656E-01,1
 9.7363E-01,1
 9.7461E-01,1
 9.6875E-01,1
 9.6875E-01,1
 9.6484E-01,1
 9.6582E-01,1
 9.6289E-01,1
 9.6094E-01,1
 9.5898E-01,1
 9.5898E-01,1
 9.5605E-01,1
 9.5508E-01,1
 9.5313E-01,1
 9.5020E-01,1
 9.5020E-01,1
 9.4824E-01,1
 9.4629E-01,1
 9.4336E-01,1
 9.4336E-01,1
 9.4043E-01,1
 9.3750E-01,1
 9.3555E-01,1
 9.3555E-01,1
 9.3359E-01,1
 9.2969E-01,1
 9.2871E-01,1
 9.2773E-01,1
 9.2578E-01,1
 9.2383E-01,1
 9.2188E-01,1
 9.2090E-01,1
 9.1797E-01,1
 9.1602E-01,1
 9.1504E-01,1
 9.1309E-01,1
 9.0918E-01,1
 9.1016E-01,1
 9.0527E-01,1
 9.0527E-01,1
 9.0332E-01,1
 9.0137E-01,1
 9.0039E-01,1
 8.9844E-01,1
 8.9551E-01,1
 8.9453E-01,1
 8.9160E-01,1
 8.9063E-01,1
 8.8770E-01,1
 8.8672E-01,1
 8.8281E-01,1
 8.8281E-01,1
 8.8086E-01,1
 8.7891E-01,1
 8.7793E-01,1
 8.7402E-01,1
 8.7305E-01,1
 8.7109E-01,1
 8.7012E-01,1
 8.6816E-01,1
 8.6719E-01,1
 8.6426E-01,1
 8.6328E-01,1
 8.5938E-01,1
 8.5938E-01,1
 8.5645E-01,1
 8.5547E-01,1
 8.5352E-01,1
 8.5254E-01,1
 8.4961E-01,1
 8.4570E-01,1
 8.4668E-01,1
 8.4473E-01,1
 8.4180E-01,1
 8.4082E-01,1
 8.3984E-01,1
 8.3789E-01,1
 8.3691E-01,1
 8.3496E-01,1
 8.3203E-01,1
 8.3105E-01,1
 8.3203E-01,1
 8.2715E-01,1
 8.2617E-01,1
 8.2520E-01,1
 8.2129E-01,1
 8.2129E-01,1
 8.1934E-01,1
 8.1836E-01,1
 8.1641E-01,1
 8.1348E-01,1
 8.1348E-01,1
 8.1152E-01,1
 8.0762E-01,1
 8.0762E-01,1
 8.0469E-01,1
 8.0371E-01,1
 7.9980E-01,1
 8.0078E-01,1
 7.9785E-01,1
 7.9688E-01,1
 7.9395E-01,1
 7.9395E-01,1
 7.9199E-01,1
 7.8711E-01,1
 7.8711E-01,1
 7.8516E-01,1
 7.8418E-01,1
 7.8027E-01,1
 7.7930E-01,1
 7.7734E-01,1
 7.7637E-01,1
 7.7441E-01,1
 7.7051E-01,1
 7.6953E-01,1
 7.7051E-01,1
 7.6660E-01,1
 7.6465E-01,1
 7.6367E-01,1
 7.6074E-01,1
 7.6074E-01,1
 7.5684E-01,1
 7.5684E-01,1
 7.5195E-01,1
 7.5195E-01,1
 7.5000E-01,1
 7.4902E-01,1
 7.4707E-01,1
 7.4707E-01,1
 7.4902E-01,1
 7.5000E-01,3,3,0,10-03-17,16:07:35,"50um malate"
 7.5098E-01,1
 7.5098E-01,1
 7.5000E-01,1
 7.5098E-01,1
 7.4902E-01,1
 7.5098E-01,1
 7.5098E-01,1
 7.5195E-01,1
 7.5098E-01,1
 7.5098E-01,1
 7.4902E-01,1
 7.5000E-01,1
 7.5195E-01,1
 7.5000E-01,1
 7.5000E-01,1
 7.5098E-01,1
 7.4902E-01,1
 7.5098E-01,1
 7.4902E-01,1
 7.4902E-01,1
 7.4902E-01,1
 7.5098E-01,1
 7.5098E-01,1
 7.4902E-01,1
 7.5000E-01,1
 7.5000E-01,1
 7.5000E-01,1
 7.4902E-01,1
 7.4902E-01,1
 7.4707E-01,1
 7.5098E-01,1
 7.4902E-01,1
 7.5098E-01,1
 7.4902E-01,1
 7.5098E-01,1
 7.5000E-01,1
 7.5000E-01,1
 7.5098E-01,1
 7.5000E-01,1
 7.5195E-01,1
 7.5098E-01,1
 7.5098E-01,1
 7.5293E-01,1
 7.5000E-01,1
 7.5098E-01,1
 7.5098E-01,1
 7.5195E-01,1
 7.5000E-01,1
 7.5098E-01,1
 7.5098E-01,1
 7.5000E-01,1
 7.5000E-01,1
 7.5098E-01,1
 7.5000E-01,1
 7.5000E-01,1
 7.5098E-01,1
 7.5000E-01,1
 7.4902E-01,1
 7.5000E-01,1
 7.5098E-01,1
 7.5000E-01,1
 7.5000E-01,1
 7.5000E-01,1
 7.5000E-01,1
 7.4902E-01,1
 7.5000E-01,1
 7.4805E-01,1
 7.5000E-01,1
 7.4805E-01,1
 7.5098E-01,1
 7.4902E-01,1
 7.5000E-01,1
 7.4902E-01,1
 7.5000E-01,1
 7.5000E-01,1
 7.5000E-01,1
 7.5000E-01,1
 7.4902E-01,1
 7.5000E-01,1
 7.4902E-01,1
 7.5000E-01,1
 7.4805E-01,1
 7.5000E-01,1
 7.4707E-01,1
 7.4805E-01,1
 7.4707E-01,1
 7.4902E-01,1
 7.4512E-01,1
 7.4805E-01,1
 7.4902E-01,1
 7.5000E-01,1
 7.4609E-01,1
 7.4805E-01,1
 7.4707E-01,1
 7.5000E-01,1
 7.4609E-01,1
 7.4805E-01,1
 7.4707E-01,1
 7.4805E-01,1
 7.4805E-01,1
 7.4902E-01,1
 7.4609E-01,1
 7.4805E-01,1
 7.4707E-01,1
 7.5000E-01,1
 7.4609E-01,1
 7.4707E-01,1
 7.4902E-01,1
 7.4707E-01,1
 7.4805E-01,1
 7.4609E-01,1
 7.4707E-01,1
 7.4609E-01,1
 7.4609E-01,1
 7.4707E-01,1
 7.4902E-01,1
 7.4707E-01,1
 7.4902E-01,1
 7.4609E-01,1
 7.4902E-01,1
 7.4805E-01,1
 7.4707E-01,1
 7.4902E-01,1
 7.4609E-01,1
 7.4609E-01,1
 7.4805E-01,1
 7.4609E-01,1
 7.4707E-01,1
 7.4609E-01,1
 7.4609E-01,1
 7.4805E-01,1
 7.4512E-01,1
 7.4707E-01,1
 7.4805E-01,1
 7.4707E-01,1
 7.4902E-01,1
 7.4707E-01,1
 7.4805E-01,1
 7.4512E-01,1
 7.4707E-01,1
 7.4902E-01,1
 7.4609E-01,1
 7.4609E-01,1
 7.4609E-01,1
 7.4609E-01,1
 7.4609E-01,1
 7.4609E-01,1
 7.4512E-01,1
 7.4609E-01,1
 7.4512E-01,1
 7.4805E-01,1
 7.4512E-01,1
 7.4707E-01,1
 7.4609E-01,1
 7.4707E-01,1
 7.4609E-01,1
 7.4707E-01,1
 7.4512E-01,1
 7.4609E-01,1
 7.4316E-01,1
 7.4609E-01,1
 7.4512E-01,1
 7.4609E-01,1
 7.4512E-01,1
 7.4609E-01,1
 7.4609E-01,1
 7.4512E-01,1
 7.4609E-01,1
 7.4609E-01,1
 7.4414E-01,1
 7.4512E-01,1
 7.4512E-01,1
 7.4609E-01,1
