 1.0732E+00,3,1,1,10-24-17,17:50:08
 1.0723E+00,1
 1.0732E+00,1
 1.0732E+00,1
 1.0713E+00,1
 1.0732E+00,1
 1.0723E+00,1
 1.0723E+00,1
 1.0723E+00,1
 1.0723E+00,1
 1.0703E+00,1
 1.0713E+00,1
 1.0713E+00,1
 1.0703E+00,1
 1.0732E+00,1
 1.0713E+00,1
 1.0723E+00,1
 1.0732E+00,1
 1.0723E+00,1
 1.0742E+00,1
 1.0742E+00,1
 1.0723E+00,1
 1.0732E+00,1
 1.0732E+00,1
 1.0713E+00,1
 1.0732E+00,1
 1.0742E+00,1
 1.0723E+00,1
 1.0742E+00,1
 1.0742E+00,1
 1.0713E+00,1
 1.0742E+00,1
 1.0723E+00,1
 1.0723E+00,1
 1.0742E+00,1
 1.0723E+00,1
 1.0723E+00,1
 1.0732E+00,1
 1.0732E+00,1
 1.0723E+00,1
 1.0752E+00,1
 1.0723E+00,1
 1.0742E+00,1
 1.0723E+00,1
 1.0732E+00,1
 1.0713E+00,1
 1.0723E+00,1
 1.0703E+00,1
 1.0723E+00,1
 1.0713E+00,1
 1.0723E+00,1
 1.0732E+00,1
 1.0713E+00,1
 1.0723E+00,1
 1.0713E+00,1
 1.0713E+00,1
 1.0723E+00,1
 1.0713E+00,1
 1.0713E+00,1
 1.0723E+00,1
 1.0713E+00,1
 1.0713E+00,1
 1.0723E+00,1
 1.0713E+00,1
 1.0703E+00,1
 1.0703E+00,1
 1.0703E+00,1
 1.0703E+00,1
 1.0693E+00,1
 1.0713E+00,1
 1.0703E+00,1
 1.0703E+00,1
 1.0723E+00,1
 1.0703E+00,1
 1.0723E+00,1
 1.0713E+00,1
 1.0723E+00,1
 1.0703E+00,1
 1.0713E+00,1
 1.0693E+00,1
 1.0684E+00,1
 1.0703E+00,1
 1.0703E+00,1
 1.0693E+00,1
 1.0693E+00,1
 1.0703E+00,1
 1.0674E+00,1
 1.0703E+00,1
 1.0684E+00,1
 1.0703E+00,1
 1.0693E+00,1
 1.0703E+00,1
 1.0684E+00,1
 1.0693E+00,1
 1.0684E+00,1
 1.0713E+00,1
 1.0693E+00,1
 1.0674E+00,1
 1.0703E+00,1
 1.0684E+00,1
 1.0684E+00,1
 1.0703E+00,1
 1.0674E+00,1
 1.0703E+00,1
 1.0664E+00,1
 1.0693E+00,1
 1.0674E+00,1
 1.0684E+00,1
 1.0654E+00,1
 1.0664E+00,1
 1.0664E+00,1
 1.0684E+00,1
 1.0654E+00,1
 1.0654E+00,1
 1.0654E+00,1
 1.0635E+00,1
 1.0654E+00,1
 1.0654E+00,1
 1.0645E+00,1
 1.0654E+00,1
 1.0645E+00,1
 1.0674E+00,1
 1.0654E+00,1
 1.0654E+00,1
 1.0654E+00,1
 1.0645E+00,1
 1.0645E+00,1
 1.0654E+00,1
 1.0645E+00,1
 1.0654E+00,1
 1.0645E+00,1
 1.0635E+00,1
 1.0645E+00,1
 1.0645E+00,1
 1.0625E+00,1
 1.0625E+00,1
 1.0615E+00,1
 1.0615E+00,1
 1.0645E+00,1
 1.0625E+00,1
 1.0625E+00,1
 1.0635E+00,1
 1.0605E+00,1
 1.0615E+00,1
 1.0615E+00,1
 1.0596E+00,1
 1.0596E+00,1
 1.0586E+00,1
 1.0586E+00,1
 1.0615E+00,1
 1.0576E+00,1
 1.0596E+00,1
 1.0596E+00,1
 1.0605E+00,1
 1.0586E+00,1
 1.0596E+00,1
 1.0596E+00,1
 1.0596E+00,1
 1.0576E+00,1
 1.0596E+00,1
 1.0576E+00,1
 1.0605E+00,1
 1.0586E+00,1
 1.0586E+00,1
 1.0586E+00,1
 1.0596E+00,1
 1.0586E+00,1
 1.0576E+00,1
 1.0576E+00,1
 1.0576E+00,1
 1.0576E+00,1
 1.0576E+00,1
 1.0576E+00,1
 1.0547E+00,1
 1.0576E+00,1
 1.0557E+00,1
 1.0537E+00,1
 1.0527E+00,1
 1.0527E+00,1
 1.0527E+00,1
 1.0537E+00,3,2,0,10-24-17,17:53:08,"50ul succinate"
 1.0518E+00,1
 1.0547E+00,1
 1.0518E+00,1
 1.0508E+00,1
 1.0508E+00,1
 1.0479E+00,1
 1.0479E+00,1
 1.0459E+00,1
 1.0439E+00,1
 1.0439E+00,1
 1.0430E+00,1
 1.0410E+00,1
 1.0410E+00,1
 1.0391E+00,1
 1.0371E+00,1
 1.0361E+00,1
 1.0332E+00,1
 1.0313E+00,1
 1.0313E+00,1
 1.0293E+00,1
 1.0293E+00,1
 1.0273E+00,1
 1.0244E+00,1
 1.0254E+00,1
 1.0215E+00,1
 1.0234E+00,1
 1.0186E+00,1
 1.0195E+00,1
 1.0166E+00,1
 1.0137E+00,1
 1.0137E+00,1
 1.0137E+00,1
 1.0107E+00,1
 1.0088E+00,1
 1.0068E+00,1
 1.0059E+00,1
 1.0049E+00,1
 1.0029E+00,1
 1.0020E+00,1
 1.0000E+00,1
 9.9805E-01,1
 9.9609E-01,1
 9.9609E-01,1
 9.9512E-01,1
 9.9121E-01,1
 9.9414E-01,1
 9.8926E-01,1
 9.8828E-01,1
 9.8730E-01,1
 9.8438E-01,1
 9.8242E-01,1
 9.8145E-01,1
 9.8047E-01,1
 9.7949E-01,1
 9.7852E-01,1
 9.7559E-01,1
 9.7559E-01,1
 9.7363E-01,1
 9.7168E-01,1
 9.7070E-01,1
 9.6875E-01,1
 9.6973E-01,1
 9.6582E-01,1
 9.6582E-01,1
 9.6582E-01,1
 9.6191E-01,1
 9.6289E-01,1
 9.5898E-01,1
 9.5801E-01,1
 9.5801E-01,1
 9.5313E-01,1
 9.5313E-01,1
 9.5215E-01,1
 9.5020E-01,1
 9.4824E-01,1
 9.4824E-01,1
 9.4824E-01,1
 9.4629E-01,1
 9.4629E-01,1
 9.4336E-01,1
 9.4141E-01,1
 9.4238E-01,1
 9.3750E-01,1
 9.3750E-01,1
 9.3652E-01,1
 9.3359E-01,1
 9.3359E-01,1
 9.3164E-01,1
 9.3164E-01,1
 9.2871E-01,1
 9.2773E-01,1
 9.2773E-01,1
 9.2578E-01,1
 9.2188E-01,1
 9.2090E-01,1
 9.1992E-01,1
 9.1992E-01,1
 9.1602E-01,1
 9.1797E-01,1
 9.1504E-01,1
 9.1406E-01,1
 9.1211E-01,1
 9.1016E-01,1
 9.0918E-01,1
 9.0430E-01,1
 9.0430E-01,1
 9.0234E-01,1
 9.0234E-01,1
 9.0039E-01,1
 9.0039E-01,1
 8.9844E-01,1
 8.9941E-01,1
 8.9551E-01,1
 8.9355E-01,1
 8.9453E-01,1
 8.9160E-01,1
 8.9160E-01,1
 8.8965E-01,1
 8.8477E-01,1
 8.8574E-01,1
 8.8184E-01,1
 8.8086E-01,1
 8.8086E-01,1
 8.7891E-01,1
 8.7891E-01,1
 8.7598E-01,1
 8.7500E-01,1
 8.7305E-01,1
 8.7305E-01,1
 8.7109E-01,1
 8.7012E-01,1
 8.6719E-01,1
 8.6719E-01,1
 8.6523E-01,1
 8.6328E-01,1
 8.6328E-01,1
 8.6133E-01,1
 8.6035E-01,1
 8.6035E-01,1
 8.5742E-01,1
 8.5645E-01,1
 8.5449E-01,1
 8.5254E-01,1
 8.5254E-01,1
 8.4961E-01,1
 8.4863E-01,1
 8.4863E-01,1
 8.4668E-01,1
 8.4473E-01,1
 8.4375E-01,1
 8.4082E-01,1
 8.4082E-01,1
 8.3984E-01,1
 8.3984E-01,1
 8.3789E-01,1
 8.3594E-01,1
 8.3496E-01,1
 8.3398E-01,1
 8.3203E-01,1
 8.3105E-01,1
 8.2910E-01,1
 8.3008E-01,1
 8.2715E-01,1
 8.2520E-01,1
 8.2520E-01,1
 8.2324E-01,1
 8.2129E-01,1
 8.2227E-01,1
 8.2031E-01,1
 8.1934E-01,1
 8.1836E-01,1
 8.1641E-01,1
 8.1250E-01,1
 8.1250E-01,1
 8.1152E-01,1
 8.1055E-01,1
 8.0957E-01,1
 8.0762E-01,1
 8.0859E-01,1
 8.0469E-01,1
 8.0273E-01,1
 8.0078E-01,1
 8.0273E-01,1
 7.9883E-01,1
 7.9785E-01,1
 7.9590E-01,1
 7.9688E-01,1
 7.9395E-01,1
 7.9395E-01,1
 7.9102E-01,1
 7.8906E-01,1
 7.8809E-01,1
 7.8906E-01,1
 7.8711E-01,1
 7.8418E-01,1
 7.8320E-01,1
 7.7734E-01,1
 7.7832E-01,1
 7.7734E-01,1
 7.7637E-01,1
 7.7539E-01,1
 7.7148E-01,1
 7.7148E-01,1
 7.6953E-01,1
 7.7148E-01,1
 7.6855E-01,1
 7.6758E-01,1
 7.6563E-01,1
 7.6367E-01,1
 7.6270E-01,1
 7.6367E-01,1
 7.6270E-01,1
 7.5781E-01,1
 7.5879E-01,1
 7.5684E-01,1
 7.5391E-01,1
 7.5391E-01,1
 7.5195E-01,1
 7.5195E-01,1
 7.5000E-01,1
 7.4902E-01,1
 7.4805E-01,1
 7.4805E-01,1
 7.4609E-01,1
 7.4121E-01,1
 7.4414E-01,1
 7.4023E-01,1
 7.4023E-01,1
 7.3926E-01,1
 7.3730E-01,1
 7.3438E-01,1
 7.3242E-01,1
 7.3145E-01,1
 7.3047E-01,1
 7.3145E-01,1
 7.2656E-01,1
 7.2656E-01,1
 7.2559E-01,1
 7.2461E-01,1
 7.2461E-01,1
 7.2168E-01,1
 7.2070E-01,3,3,0,10-24-17,17:57:10,"50ul malonate"
 7.2168E-01,1
 7.2070E-01,1
 7.2168E-01,1
 7.2168E-01,1
 7.2266E-01,1
 7.2363E-01,1
 7.2168E-01,1
 7.2363E-01,1
 7.2266E-01,1
 7.2363E-01,1
 7.2266E-01,1
 7.2363E-01,1
 7.2266E-01,1
 7.2559E-01,1
 7.2461E-01,1
 7.2461E-01,1
 7.2461E-01,1
 7.2461E-01,1
 7.2656E-01,1
 7.2266E-01,1
 7.2656E-01,1
 7.2559E-01,1
 7.2656E-01,1
 7.2559E-01,1
 7.2559E-01,1
 7.2363E-01,1
 7.2559E-01,1
 7.2559E-01,1
 7.2656E-01,1
 7.2656E-01,1
 7.2656E-01,1
 7.2754E-01,1
 7.2754E-01,1
 7.2656E-01,1
 7.2461E-01,1
 7.2656E-01,1
 7.2656E-01,1
 7.2559E-01,1
 7.2559E-01,1
 7.2461E-01,1
 7.2754E-01,1
 7.2559E-01,1
 7.2656E-01,1
 7.2559E-01,1
 7.2754E-01,1
 7.2656E-01,1
 7.2852E-01,1
 7.2754E-01,1
 7.2754E-01,1
 7.2852E-01,1
 7.2852E-01,1
 7.2852E-01,1
 7.2656E-01,1
 7.2656E-01,1
 7.2754E-01,1
 7.2754E-01,1
 7.2754E-01,1
 7.2656E-01,1
 7.2754E-01,1
 7.2949E-01,1
 7.2852E-01,1
 7.2559E-01,1
 7.2852E-01,1
 7.2656E-01,1
 7.2754E-01,1
 7.2949E-01,1
 7.2754E-01,1
 7.2656E-01,1
 7.2656E-01,1
 7.2754E-01,1
 7.2656E-01,1
 7.2754E-01,1
 7.2949E-01,1
 7.2656E-01,1
 7.2754E-01,1
 7.2656E-01,1
 7.2656E-01,1
 7.2852E-01,1
 7.2852E-01,1
 7.2754E-01,1
 7.2949E-01,1
 7.2656E-01,1
 7.2852E-01,1
 7.2656E-01,1
 7.2852E-01,1
 7.2852E-01,1
 7.2852E-01,1
 7.2852E-01,1
 7.2754E-01,1
 7.2949E-01,1
 7.2754E-01,1
 7.3047E-01,1
 7.2949E-01,1
 7.2852E-01,1
 7.2656E-01,1
 7.2949E-01,1
 7.2754E-01,1
 7.2949E-01,1
 7.2949E-01,1
 7.2852E-01,1
 7.3047E-01,1
 7.2949E-01,1
 7.2754E-01,1
 7.2656E-01,1
 7.2852E-01,1
 7.2852E-01,1
 7.2754E-01,1
 7.2852E-01,1
 7.2949E-01,1
 7.2852E-01,1
 7.2754E-01,1
 7.2852E-01,1
 7.2949E-01,1
 7.2949E-01,1
 7.2754E-01,1
 7.2852E-01,1
 7.2852E-01,1
 7.2949E-01,1
 7.2559E-01,1
 7.2852E-01,1
 7.2949E-01,1
 7.3047E-01,1
 7.2949E-01,1
 7.3047E-01,1
 7.2852E-01,1
 7.3242E-01,1
 7.2754E-01,1
 7.3145E-01,1
 7.3047E-01,1
 7.2949E-01,1
 7.2949E-01,1
 7.2852E-01,1
 7.2949E-01,1
 7.2852E-01,1
 7.3047E-01,1
 7.2852E-01,1
 7.2754E-01,1
 7.2852E-01,1
 7.2852E-01,1
 7.2852E-01,1
 7.2949E-01,1
 7.2949E-01,1
 7.3047E-01,1
 7.2852E-01,1
 7.3145E-01,1
 7.2852E-01,1
 7.2754E-01,1
 7.2852E-01,1
 7.2852E-01,1
 7.3047E-01,1
 7.2754E-01,1
 7.2949E-01,1
 7.3047E-01,1
 7.2754E-01,1
 7.3047E-01,1
 7.2852E-01,1
 7.3047E-01,1
 7.2949E-01,1
 7.2949E-01,1
 7.2754E-01,1
 7.3047E-01,1
 7.2754E-01,1
 7.3145E-01,1
 7.2656E-01,1
 7.2754E-01,1
 7.2754E-01,1
 7.2949E-01,1
 7.2949E-01,1
 7.3047E-01,1
 7.2852E-01,1
 7.2852E-01,1
 7.2949E-01,1
 7.2656E-01,1
 7.2656E-01,1
 7.2852E-01,1
 7.2949E-01,1
 7.2656E-01,1
 7.2852E-01,1
 7.2949E-01,1
 7.2949E-01,1
 7.2754E-01,1
 7.2949E-01,1
 7.2949E-01,1
 7.2852E-01,1
 7.2949E-01,1
 7.3047E-01,1
 7.3047E-01,1
 7.3047E-01,1
 7.3145E-01,1
 7.3242E-01,1
 7.2949E-01,1
 7.3047E-01,1
 7.2949E-01,1
 7.2949E-01,1
 7.2852E-01,1
 7.2852E-01,1
 7.3047E-01,1
 7.2852E-01,1
 7.2656E-01,1
 7.2852E-01,1
 7.2754E-01,1
 7.2754E-01,1
 7.2949E-01,1
 7.2949E-01,1
 7.2949E-01,1
 7.3145E-01,1
 7.3145E-01,1
 7.3047E-01,1
 7.2754E-01,1
 7.2949E-01,1
 7.3145E-01,1
 7.2852E-01,1
 7.2949E-01,1
 7.2852E-01,1
 7.2949E-01,1
 7.2852E-01,1
 7.2852E-01,1
 7.2852E-01,1
 7.2949E-01,1
 7.2852E-01,1
 7.2949E-01,1
 7.2754E-01,1
 7.2852E-01,1
 7.2949E-01,1
 7.2852E-01,1
 7.2852E-01,1
 7.2852E-01,1
 7.2852E-01,1
 7.2559E-01,1
 7.2949E-01,1
 7.2754E-01,1
 7.2754E-01,1
 7.2754E-01,1
 7.2754E-01,1
 7.2949E-01,1
 7.2852E-01,1
 7.2949E-01,1
 7.2949E-01,1
 7.2852E-01,1
 7.2949E-01,1
 7.2656E-01,1
 7.1582E-01,1
 7.0801E-01,1
 7.0117E-01,1
 7.0117E-01,1
 7.0313E-01,1
 7.0801E-01,1
 7.1387E-01,1
 7.1875E-01,1
 7.2168E-01,1
 7.2559E-01,1
 7.2461E-01,1
 7.2852E-01,1
 7.2852E-01,1
 7.2754E-01,1
 7.2754E-01,1
 7.2754E-01,1
 7.2559E-01,1
 7.2949E-01,1
 7.2949E-01,1
 7.2949E-01,1
 7.2754E-01,1
 7.2754E-01,1
 7.2949E-01,1
 7.2852E-01,1
 7.2852E-01,1
 7.2949E-01,1
 7.2852E-01,1
 7.2852E-01,1
 7.2754E-01,1
 7.2754E-01,1
 7.2852E-01,1
 7.2754E-01,1
 7.2754E-01,1
 7.2754E-01,1
 7.2754E-01,1
 7.2852E-01,1
 7.2656E-01,1
 7.2949E-01,1
 7.2656E-01,1
 7.2559E-01,1
 7.2754E-01,1
 7.2852E-01,1
 7.2949E-01,1
 7.2754E-01,1
 7.2852E-01,1
 7.2754E-01,1
 7.2754E-01,1
 7.2656E-01,1
 7.3047E-01,1
 7.2754E-01,1
 7.2754E-01,1
 7.2656E-01,1
 7.2949E-01,1
 7.2852E-01,1
 7.2559E-01,1
 7.2949E-01,1
 7.2852E-01,1
 7.2656E-01,1
 7.2754E-01,1
 7.2656E-01,1
 7.2656E-01,1
 7.2852E-01,1
 7.2852E-01,1
 7.2852E-01,1
 7.2656E-01,1
