 1.0703E+00,3,1,1,10-20-17,16:26:49
 1.0693E+00,1
 1.0684E+00,1
 1.0693E+00,1
 1.0693E+00,1
 1.0703E+00,1
 1.0693E+00,1
 1.0703E+00,1
 1.0713E+00,1
 1.0684E+00,1
 1.0703E+00,1
 1.0703E+00,1
 1.0703E+00,1
 1.0713E+00,1
 1.0713E+00,1
 1.0703E+00,1
 1.0693E+00,1
 1.0713E+00,1
 1.0693E+00,1
 1.0703E+00,1
 1.0713E+00,1
 1.0703E+00,1
 1.0703E+00,1
 1.0713E+00,1
 1.0732E+00,1
 1.0703E+00,1
 1.0713E+00,1
 1.0713E+00,1
 1.0713E+00,1
 1.0723E+00,1
 1.0723E+00,1
 1.0723E+00,1
 1.0732E+00,1
 1.0713E+00,1
 1.0703E+00,1
 1.0693E+00,1
 1.0703E+00,1
 1.0732E+00,1
 1.0713E+00,1
 1.0732E+00,1
 1.0713E+00,1
 1.0703E+00,1
 1.0713E+00,1
 1.0723E+00,1
 1.0693E+00,1
 1.0713E+00,1
 1.0703E+00,1
 1.0713E+00,1
 1.0703E+00,1
 1.0703E+00,1
 1.0703E+00,1
 1.0713E+00,1
 1.0723E+00,1
 1.0723E+00,1
 1.0693E+00,1
 1.0723E+00,1
 1.0713E+00,1
 1.0713E+00,1
 1.0723E+00,1
 1.0693E+00,1
 1.0713E+00,1
 1.0713E+00,1
 1.0732E+00,1
 1.0713E+00,1
 1.0713E+00,1
 1.0703E+00,1
 1.0693E+00,1
 1.0703E+00,1
 1.0752E+00,1
 1.0732E+00,1
 1.0732E+00,1
 1.0723E+00,1
 1.0732E+00,1
 1.0713E+00,1
 1.0713E+00,1
 1.0693E+00,1
 1.0713E+00,1
 1.0723E+00,1
 1.0713E+00,1
 1.0732E+00,1
 1.0723E+00,1
 1.0732E+00,1
 1.0713E+00,1
 1.0723E+00,1
 1.0713E+00,1
 1.0703E+00,1
 1.0723E+00,1
 1.0703E+00,1
 1.0723E+00,1
 1.0723E+00,1
 1.0703E+00,1
 1.0723E+00,1
 1.0723E+00,1
 1.0742E+00,1
 1.0723E+00,1
 1.0732E+00,1
 1.0723E+00,1
 1.0693E+00,1
 1.0723E+00,1
 1.0732E+00,1
 1.0723E+00,1
 1.0723E+00,1
 1.0742E+00,1
 1.0713E+00,1
 1.0732E+00,1
 1.0732E+00,1
 1.0713E+00,1
 1.0732E+00,1
 1.0732E+00,1
 1.0732E+00,1
 1.0732E+00,1
 1.0732E+00,1
 1.0732E+00,1
 1.0713E+00,1
 1.0742E+00,1
 1.0732E+00,1
 1.0732E+00,1
 1.0713E+00,1
 1.0723E+00,1
 1.0723E+00,1
 1.0703E+00,1
 1.0703E+00,1
 1.0723E+00,1
 1.0732E+00,1
 1.0723E+00,1
 1.0723E+00,1
 1.0703E+00,1
 1.0703E+00,1
 1.0703E+00,1
 1.0732E+00,1
 1.0723E+00,1
 1.0723E+00,1
 1.0713E+00,1
 1.0703E+00,1
 1.0703E+00,1
 1.0693E+00,1
 1.0684E+00,3,2,0,10-20-17,16:29:05,"succinate"
 1.0713E+00,1
 1.0693E+00,1
 1.0703E+00,1
 1.0703E+00,1
 1.0703E+00,1
 1.0723E+00,1
 1.0703E+00,1
 1.0713E+00,1
 1.0703E+00,1
 1.0723E+00,1
 1.0713E+00,1
 1.0713E+00,1
 1.0723E+00,1
 1.0713E+00,1
 1.0723E+00,1
 1.0732E+00,1
 1.0723E+00,1
 1.0732E+00,1
 1.0732E+00,1
 1.0723E+00,1
 1.0732E+00,1
 1.0752E+00,1
 1.0732E+00,1
 1.0713E+00,1
 1.0742E+00,1
 1.0703E+00,1
 1.0703E+00,1
 1.0742E+00,1
 1.0713E+00,1
 1.0723E+00,1
 1.0732E+00,1
 1.0732E+00,1
 1.0742E+00,1
 1.0723E+00,1
 1.0713E+00,1
 1.0713E+00,1
 1.0723E+00,1
 1.0713E+00,1
 1.0723E+00,1
 1.0723E+00,1
 1.0713E+00,1
 1.0742E+00,1
 1.0723E+00,1
 1.0732E+00,1
 1.0732E+00,1
 1.0723E+00,1
 1.0723E+00,1
 1.0723E+00,1
 1.0723E+00,1
 1.0732E+00,1
 1.0732E+00,1
 1.0723E+00,1
 1.0752E+00,1
 1.0732E+00,1
 1.0723E+00,1
 1.0723E+00,1
 1.0723E+00,1
 1.0723E+00,1
 1.0723E+00,1
 1.0742E+00,1
 1.0732E+00,1
 1.0732E+00,1
 1.0732E+00,1
 1.0703E+00,1
 1.0723E+00,1
 1.0713E+00,1
 1.0732E+00,1
 1.0732E+00,1
 1.0732E+00,1
 1.0723E+00,1
 1.0703E+00,1
 1.0703E+00,1
 1.0713E+00,1
 1.0723E+00,1
 1.0713E+00,1
 1.0723E+00,1
 1.0713E+00,1
 1.0723E+00,1
 1.0723E+00,1
 1.0713E+00,1
 1.0732E+00,1
 1.0732E+00,1
 1.0713E+00,1
 1.0713E+00,1
 1.0723E+00,1
 1.0713E+00,1
 1.0732E+00,1
 1.0732E+00,1
 1.0723E+00,1
 1.0732E+00,1
 1.0723E+00,1
 1.0713E+00,1
 1.0693E+00,1
 1.0703E+00,1
 1.0723E+00,1
 1.0723E+00,1
 1.0713E+00,1
 1.0742E+00,1
 1.0723E+00,1
 1.0723E+00,1
 1.0723E+00,1
 1.0713E+00,1
 1.0723E+00,1
 1.0723E+00,1
 1.0723E+00,1
 1.0732E+00,1
 1.0723E+00,1
 1.0732E+00,1
 1.0732E+00,1
 1.0723E+00,1
 1.0732E+00,1
 1.0723E+00,1
 1.0713E+00,1
 1.0713E+00,1
 1.0732E+00,1
 1.0713E+00,1
 1.0723E+00,1
 1.0713E+00,1
 1.0703E+00,1
 1.0713E+00,1
 1.0723E+00,1
 1.0713E+00,1
 1.0713E+00,1
 1.0713E+00,1
 1.0703E+00,1
 1.0713E+00,1
 1.0713E+00,1
 1.0713E+00,1
 1.0703E+00,1
 1.0703E+00,1
 1.0713E+00,1
 1.0713E+00,1
 1.0713E+00,1
 1.0732E+00,1
 1.0713E+00,1
 1.0693E+00,1
 1.0693E+00,3,3,0,10-20-17,16:31:22,"nadh"
 1.0674E+00,1
 1.0674E+00,1
 1.0684E+00,1
 1.0693E+00,1
 1.0703E+00,1
 1.0684E+00,1
 1.0684E+00,1
 1.0693E+00,1
 1.0703E+00,1
 1.0723E+00,1
 1.0723E+00,1
 1.0732E+00,1
 1.0742E+00,1
 1.0732E+00,1
 1.0723E+00,1
 1.0713E+00,1
 1.0703E+00,1
 1.0732E+00,1
 1.0723E+00,1
 1.0713E+00,1
 1.0713E+00,1
 1.0723E+00,1
 1.0732E+00,1
 1.0742E+00,1
 1.0713E+00,1
 1.0732E+00,1
 1.0723E+00,1
 1.0723E+00,1
 1.0713E+00,1
 1.0703E+00,1
 1.0732E+00,1
 1.0732E+00,1
 1.0732E+00,1
 1.0723E+00,1
 1.0703E+00,1
 1.0703E+00,1
 1.0723E+00,1
 1.0732E+00,1
 1.0732E+00,1
 1.0723E+00,1
 1.0732E+00,1
 1.0703E+00,1
 1.0703E+00,1
 1.0703E+00,1
 1.0703E+00,1
 1.0693E+00,1
 1.0703E+00,1
 1.0713E+00,1
 1.0723E+00,1
 1.0732E+00,1
 1.0723E+00,1
 1.0723E+00,1
 1.0723E+00,1
 1.0713E+00,1
 1.0713E+00,1
 1.0723E+00,1
 1.0703E+00,1
 1.0723E+00,1
 1.0713E+00,1
 1.0693E+00,1
 1.0703E+00,1
 1.0713E+00,1
 1.0703E+00,1
 1.0684E+00,1
 1.0693E+00,1
 1.0713E+00,1
 1.0713E+00,1
 1.0703E+00,1
 1.0713E+00,1
 1.0693E+00,1
 1.0693E+00,1
 1.0684E+00,1
 1.0684E+00,1
 1.0684E+00,1
 1.0664E+00,1
 1.0664E+00,1
 1.0684E+00,1
 1.0684E+00,1
 1.0674E+00,1
 1.0674E+00,1
 1.0664E+00,1
 1.0684E+00,1
 1.0664E+00,1
 1.0684E+00,1
 1.0674E+00,1
 1.0684E+00,1
 1.0693E+00,1
 1.0664E+00,1
 1.0664E+00,1
 1.0664E+00,1
 1.0664E+00,1
 1.0693E+00,1
 1.0684E+00,1
 1.0654E+00,1
 1.0674E+00,1
 1.0664E+00,1
 1.0684E+00,1
 1.0674E+00,1
 1.0664E+00,1
 1.0664E+00,1
 1.0645E+00,1
 1.0654E+00,1
 1.0664E+00,1
 1.0664E+00,1
 1.0664E+00,1
 1.0654E+00,1
 1.0635E+00,1
 1.0654E+00,1
 1.0654E+00,1
 1.0664E+00,1
 1.0684E+00,1
 1.0635E+00,1
 1.0664E+00,1
 1.0654E+00,1
 1.0635E+00,1
 1.0625E+00,1
 1.0635E+00,1
 1.0654E+00,1
 1.0654E+00,1
 1.0635E+00,1
 1.0654E+00,1
 1.0635E+00,1
 1.0645E+00,1
 1.0625E+00,1
 1.0625E+00,1
 1.0625E+00,1
 1.0615E+00,1
 1.0625E+00,1
 1.0625E+00,1
 1.0615E+00,1
 1.0635E+00,1
 1.0635E+00,1
 1.0596E+00,1
 1.0635E+00,1
 1.0615E+00,1
 1.0615E+00,1
 1.0635E+00,1
 1.0635E+00,1
 1.0635E+00,1
 1.0625E+00,1
 1.0625E+00,1
 1.0615E+00,1
 1.0596E+00,1
 1.0615E+00,1
 1.0615E+00,1
 1.0625E+00,1
 1.0615E+00,1
 1.0615E+00,1
 1.0635E+00,1
 1.0615E+00,1
 1.0615E+00,1
 1.0586E+00,1
 1.0596E+00,1
 1.0615E+00,1
 1.0615E+00,1
 1.0615E+00,1
 1.0625E+00,1
 1.0586E+00,1
 1.0596E+00,1
 1.0586E+00,1
 1.0586E+00,1
 1.0596E+00,1
 1.0586E+00,1
 1.0596E+00,1
 1.0576E+00,1
 1.0586E+00,1
 1.0576E+00,1
 1.0566E+00,1
 1.0566E+00,1
 1.0566E+00,1
 1.0576E+00,1
 1.0586E+00,1
 1.0586E+00,1
 1.0586E+00,1
 1.0586E+00,1
 1.0586E+00,1
 1.0586E+00,1
 1.0566E+00,1
 1.0566E+00,1
 1.0576E+00,1
 1.0576E+00,1
 1.0576E+00,1
 1.0576E+00,1
 1.0566E+00,1
 1.0547E+00,1
 1.0547E+00,1
 1.0566E+00,1
 1.0557E+00,1
 1.0566E+00,1
 1.0566E+00,1
 1.0566E+00,1
 1.0557E+00,1
 1.0557E+00,1
 1.0547E+00,1
 1.0566E+00,1
 1.0547E+00,1
 1.0547E+00,1
 1.0537E+00,1
