 1.0674E+00,3,1,1,10-20-17,15:25:07
 1.0684E+00,1
 1.0703E+00,1
 1.0684E+00,1
 1.0684E+00,1
 1.0664E+00,1
 1.0654E+00,1
 1.0654E+00,1
 1.0693E+00,1
 1.0674E+00,1
 1.0645E+00,1
 1.0664E+00,1
 1.0693E+00,1
 1.0693E+00,1
 1.0664E+00,1
 1.0654E+00,1
 1.0654E+00,1
 1.0654E+00,1
 1.0674E+00,1
 1.0674E+00,1
 1.0664E+00,1
 1.0664E+00,1
 1.0664E+00,1
 1.0674E+00,1
 1.0664E+00,1
 1.0645E+00,1
 1.0645E+00,1
 1.0635E+00,1
 1.0654E+00,1
 1.0674E+00,1
 1.0664E+00,1
 1.0654E+00,1
 1.0645E+00,1
 1.0645E+00,1
 1.0645E+00,1
 1.0645E+00,1
 1.0645E+00,1
 1.0645E+00,1
 1.0645E+00,1
 1.0645E+00,1
 1.0654E+00,1
 1.0664E+00,1
 1.0654E+00,1
 1.0645E+00,1
 1.0645E+00,1
 1.0645E+00,1
 1.0664E+00,1
 1.0645E+00,1
 1.0645E+00,1
 1.0645E+00,1
 1.0645E+00,1
 1.0654E+00,1
 1.0654E+00,1
 1.0664E+00,1
 1.0664E+00,1
 1.0654E+00,1
 1.0664E+00,1
 1.0654E+00,1
 1.0654E+00,1
 1.0635E+00,1
 1.0615E+00,1
 1.0625E+00,1
 1.0635E+00,1
 1.0625E+00,1
 1.0605E+00,1
 1.0596E+00,1
 1.0596E+00,1
 1.0625E+00,1
 1.0654E+00,1
 1.0645E+00,1
 1.0635E+00,1
 1.0635E+00,1
 1.0645E+00,1
 1.0645E+00,1
 1.0625E+00,1
 1.0625E+00,1
 1.0615E+00,1
 1.0596E+00,1
 1.0625E+00,1
 1.0635E+00,1
 1.0645E+00,1
 1.0635E+00,1
 1.0625E+00,1
 1.0625E+00,1
 1.0625E+00,1
 1.0635E+00,1
 1.0625E+00,1
 1.0615E+00,1
 1.0596E+00,1
 1.0605E+00,1
 1.0596E+00,1
 1.0596E+00,1
 1.0586E+00,1
 1.0586E+00,1
 1.0586E+00,1
 1.0596E+00,1
 1.0596E+00,1
 1.0586E+00,1
 1.0586E+00,1
 1.0576E+00,1
 1.0566E+00,1
 1.0576E+00,1
 1.0576E+00,1
 1.0557E+00,1
 1.0537E+00,1
 1.0547E+00,1
 1.0537E+00,1
 1.0527E+00,1
 1.0527E+00,1
 1.0527E+00,3,2,0,10-20-17,15:26:56,"succinate"
 1.0527E+00,1
 1.0518E+00,1
 1.0547E+00,1
 1.0527E+00,1
 1.0518E+00,1
 1.0498E+00,1
 1.0498E+00,1
 1.0498E+00,1
 1.0508E+00,1
 1.0498E+00,1
 1.0479E+00,1
 1.0479E+00,1
 1.0498E+00,1
 1.0527E+00,1
 1.0537E+00,1
 1.0518E+00,1
 1.0508E+00,1
 1.0498E+00,1
 1.0488E+00,1
 1.0488E+00,1
 1.0479E+00,1
 1.0469E+00,1
 1.0459E+00,1
 1.0459E+00,1
 1.0488E+00,1
 1.0498E+00,1
 1.0488E+00,1
 1.0488E+00,1
 1.0479E+00,1
 1.0449E+00,1
 1.0459E+00,1
 1.0479E+00,1
 1.0479E+00,1
 1.0439E+00,1
 1.0430E+00,1
 1.0410E+00,1
 1.0420E+00,1
 1.0420E+00,1
 1.0430E+00,1
 1.0420E+00,1
 1.0391E+00,1
 1.0391E+00,1
 1.0430E+00,1
 1.0449E+00,1
 1.0430E+00,1
 1.0430E+00,1
 1.0430E+00,1
 1.0420E+00,1
 1.0400E+00,1
 1.0410E+00,1
 1.0420E+00,1
 1.0391E+00,1
 1.0391E+00,1
 1.0391E+00,1
 1.0391E+00,1
 1.0410E+00,1
 1.0410E+00,1
 1.0400E+00,1
 1.0381E+00,1
 1.0381E+00,1
 1.0381E+00,1
 1.0381E+00,1
 1.0381E+00,1
 1.0381E+00,1
 1.0361E+00,1
 1.0352E+00,1
 1.0361E+00,1
 1.0381E+00,1
 1.0361E+00,1
 1.0342E+00,1
 1.0342E+00,1
 1.0371E+00,1
 1.0391E+00,1
 1.0371E+00,1
 1.0352E+00,1
 1.0352E+00,1
 1.0352E+00,1
 1.0352E+00,1
 1.0361E+00,1
 1.0361E+00,1
 1.0352E+00,1
 1.0332E+00,1
 1.0313E+00,1
 1.0313E+00,1
 1.0332E+00,1
 1.0352E+00,1
 1.0342E+00,1
 1.0322E+00,1
 1.0322E+00,1
 1.0322E+00,1
 1.0342E+00,1
 1.0361E+00,1
 1.0342E+00,1
 1.0322E+00,1
 1.0313E+00,1
 1.0303E+00,1
 1.0303E+00,1
 1.0322E+00,1
 1.0322E+00,1
 1.0313E+00,1
 1.0313E+00,1
 1.0293E+00,1
 1.0303E+00,1
 1.0313E+00,1
 1.0322E+00,1
 1.0322E+00,1
 1.0303E+00,1
 1.0293E+00,1
 1.0293E+00,1
 1.0283E+00,1
 1.0293E+00,1
 1.0303E+00,1
 1.0303E+00,1
 1.0293E+00,1
 1.0273E+00,1
 1.0264E+00,1
 1.0264E+00,1
 1.0273E+00,1
 1.0273E+00,1
 1.0273E+00,1
 1.0273E+00,1
 1.0273E+00,1
 1.0273E+00,1
 1.0273E+00,1
 1.0273E+00,1
 1.0283E+00,1
 1.0264E+00,1
 1.0244E+00,1
 1.0234E+00,1
 1.0234E+00,1
 1.0254E+00,1
 1.0254E+00,1
 1.0244E+00,1
 1.0244E+00,1
 1.0234E+00,1
 1.0225E+00,1
 1.0234E+00,1
 1.0244E+00,1
 1.0234E+00,1
 1.0234E+00,1
 1.0234E+00,1
 1.0225E+00,1
 1.0205E+00,1
 1.0215E+00,1
 1.0215E+00,1
 1.0225E+00,1
 1.0215E+00,1
 1.0195E+00,1
 1.0186E+00,1
 1.0352E+00,1
 1.2031E+00,1
 1.2568E+00,1
 1.1426E+00,1
 1.0723E+00,1
 1.0371E+00,1
 1.0215E+00,1
 1.0186E+00,1
 1.0166E+00,1
 1.0166E+00,1
 1.0176E+00,1
 1.0176E+00,1
 1.0166E+00,1
 1.0146E+00,1
 1.0137E+00,1
 1.0146E+00,1
 1.0156E+00,1
 1.0156E+00,1
 1.0137E+00,1
 1.0117E+00,1
 1.0117E+00,1
 1.0146E+00,1
 1.0166E+00,1
 1.0156E+00,1
 1.0146E+00,1
 1.0137E+00,1
 1.0127E+00,1
 1.0137E+00,1
 1.0137E+00,1
 1.0361E+00,1
 1.0146E+00,1
 1.0039E+00,1
 1.0049E+00,1
 1.0078E+00,1
 1.0098E+00,1
 1.0088E+00,1
 1.0068E+00,1
 1.0049E+00,1
 1.0010E+00,1
 9.9707E-01,1
 9.9219E-01,1
 9.8828E-01,1
 9.8242E-01,1
 9.8047E-01,1
 9.7656E-01,1
 9.7168E-01,1
 9.6777E-01,1
 9.6484E-01,1
 9.5996E-01,1
 9.5703E-01,1
 9.5508E-01,1
 9.5313E-01,1
 9.5410E-01,1
 9.5313E-01,1
 9.5215E-01,1
 9.5215E-01,1
 9.5410E-01,1
 9.5801E-01,1
 9.5996E-01,1
 9.6387E-01,1
 9.6582E-01,1
 9.6680E-01,1
 9.6973E-01,1
 9.7168E-01,1
 9.7461E-01,1
 9.7559E-01,1
 9.7754E-01,1
 9.8047E-01,1
 9.8047E-01,1
 9.8145E-01,1
 9.8242E-01,1
 9.8438E-01,1
 9.8535E-01,1
 9.8633E-01,1
 9.8828E-01,1
 9.8730E-01,1
 9.8633E-01,1
 9.8828E-01,1
 9.8926E-01,1
 9.9023E-01,1
 9.9023E-01,1
 9.9121E-01,1
 9.9121E-01,1
 9.9121E-01,1
 9.9023E-01,1
 9.9023E-01,1
 9.8926E-01,1
 9.9023E-01,1
 9.9023E-01,1
 9.9023E-01,1
 9.8926E-01,1
 9.9023E-01,1
 9.9121E-01,1
 9.9121E-01,1
 9.9121E-01,1
 9.9121E-01,1
 9.9121E-01,1
 9.8926E-01,1
 9.8926E-01,1
 9.8926E-01,1
 9.9023E-01,1
 9.8926E-01,1
 9.8926E-01,1
 9.9023E-01,1
 9.8828E-01,1
 9.8828E-01,1
 9.8828E-01,1
 9.8828E-01,1
 9.8828E-01,1
 9.8828E-01,1
 9.8730E-01,1
 9.8828E-01,1
 9.8828E-01,1
 9.8730E-01,1
 9.8633E-01,1
 9.8633E-01,1
 9.8730E-01,1
 9.8730E-01,1
 9.8730E-01,1
 9.8633E-01,1
 9.8535E-01,1
 9.8340E-01,1
 9.8340E-01,1
 9.8535E-01,1
 9.8535E-01,1
 9.8438E-01,1
 9.8340E-01,1
 9.8340E-01,1
 9.8242E-01,1
 9.8242E-01,1
 9.8438E-01,1
 9.8438E-01,1
 9.8438E-01,1
 9.8145E-01,1
 9.8145E-01,1
 9.7949E-01,1
 9.8047E-01,1
 9.8145E-01,1
 9.8242E-01,1
 9.8145E-01,1
 9.7852E-01,1
 9.7754E-01,1
 9.7852E-01,1
 9.8047E-01,1
 9.8047E-01,1
 9.8145E-01,1
 9.8242E-01,1
 9.8047E-01,1
 9.7852E-01,1
 9.7852E-01,1
 9.7852E-01,1
 9.7852E-01,1
 9.7852E-01,1
 9.7852E-01,1
 9.7852E-01,1
 9.7656E-01,1
 9.7656E-01,1
 9.7754E-01,1
 9.7559E-01,1
 9.7754E-01,1
 9.7461E-01,1
 9.7363E-01,1
 9.7363E-01,1
 9.7461E-01,1
 9.7559E-01,1
 9.7461E-01,1
 9.7461E-01,1
 9.7559E-01,1
 9.7461E-01,1
 9.7363E-01,1
 9.7363E-01,1
 9.7266E-01,1
 9.7070E-01,1
 9.7168E-01,1
 9.7363E-01,1
 9.7266E-01,1
 9.7168E-01,1
 9.7070E-01,1
 9.6973E-01,1
 9.6875E-01,1
 9.6973E-01,1
 9.6973E-01,1
 9.7070E-01,1
 9.7266E-01,1
 9.7070E-01,1
 9.6973E-01,1
 9.6875E-01,1
 9.6875E-01,1
 9.6973E-01,1
 9.6973E-01,1
 9.6875E-01,1
 9.6875E-01,1
 9.6680E-01,1
 9.6484E-01,1
 9.6484E-01,1
 9.6777E-01,1
 9.6777E-01,1
 9.6680E-01,1
 9.6387E-01,1
 9.6582E-01,1
 9.6387E-01,1
 9.6582E-01,1
 9.6484E-01,1
 9.6680E-01,1
 9.6484E-01,1
 9.6387E-01,1
 9.6387E-01,1
 9.6387E-01,1
 9.6387E-01,1
 9.6387E-01,1
 9.6387E-01,1
 9.6191E-01,1
 9.5996E-01,1
 9.5996E-01,1
 9.5996E-01,1
 9.5996E-01,1
 9.6191E-01,1
 9.6191E-01,1
 9.6191E-01,1
 9.6191E-01,1
 9.6094E-01,1
 9.5898E-01,1
 9.5898E-01,1
 9.6094E-01,1
 9.5996E-01,1
 9.5801E-01,1
 9.5703E-01,1
 9.5801E-01,1
 9.5996E-01,1
 9.6094E-01,1
 9.5898E-01,1
 9.5703E-01,1
 9.5703E-01,1
 9.5410E-01,1
 9.5410E-01,1
 9.5605E-01,1
 9.5801E-01,1
 9.5801E-01,1
 9.5898E-01,1
 9.5801E-01,1
 9.5605E-01,1
 9.5508E-01,1
 9.5605E-01,1
 9.5703E-01,1
 9.5410E-01,1
 9.5410E-01,1
 9.5215E-01,1
 9.5117E-01,1
 9.5215E-01,1
 9.5117E-01,1
 9.5410E-01,1
 9.5410E-01,1
 9.5508E-01,1
 9.5313E-01,1
 9.5020E-01,1
 9.4922E-01,1
 9.5020E-01,1
 9.5215E-01,1
 9.5215E-01,1
 9.5313E-01,1
 9.5117E-01,1
 9.5020E-01,1
 9.4824E-01,1
 9.4727E-01,1
 9.4824E-01,1
 9.4531E-01,1
 9.4434E-01,1
 9.4238E-01,1
 9.3945E-01,1
 9.3750E-01,1
 9.3848E-01,1
 9.3945E-01,1
 9.4043E-01,1
 9.3945E-01,1
 9.4043E-01,1
 9.3945E-01,1
 9.3945E-01,1
 9.3750E-01,1
 9.3652E-01,1
 9.3750E-01,1
 9.3555E-01,1
 9.3359E-01,1
 9.3359E-01,1
 9.3262E-01,1
 9.2969E-01,1
 9.2871E-01,1
 9.2676E-01,1
 9.2383E-01,1
 9.2090E-01,1
 9.1797E-01,1
 9.1504E-01,1
 9.1406E-01,1
 9.1211E-01,1
 9.1016E-01,1
 9.0430E-01,1
 9.0039E-01,1
 8.9648E-01,1
 8.9258E-01,1
 8.8867E-01,1
 8.8574E-01,1
 8.8379E-01,1
 8.7988E-01,1
 8.7598E-01,1
 8.7207E-01,1
 8.7012E-01,1
 8.6719E-01,1
 8.6426E-01,1
 8.5840E-01,1
 8.5352E-01,1
 8.4961E-01,1
 8.4570E-01,1
 8.4180E-01,1
 8.3984E-01,1
 8.3496E-01,1
 8.3105E-01,1
 8.2813E-01,1
 8.2520E-01,1
 8.2031E-01,1
 8.1836E-01,1
 8.1543E-01,1
 8.0957E-01,1
 8.0566E-01,1
 8.0078E-01,1
 7.9785E-01,1
 7.9395E-01,1
 7.9004E-01,1
 7.8516E-01,1
 7.8027E-01,1
 7.7637E-01,1
 7.7246E-01,1
 7.6660E-01,1
 7.6270E-01,1
 7.5879E-01,1
 7.5488E-01,1
 7.5000E-01,1
 7.4512E-01,1
 7.4219E-01,1
 7.3633E-01,1
 7.3340E-01,1
 7.2949E-01,1
 7.2559E-01,1
 7.1875E-01,1
 7.1484E-01,1
 7.1094E-01,1
 7.0703E-01,1
 7.0313E-01,1
 6.9824E-01,1
 6.9531E-01,1
 6.9238E-01,1
 6.8555E-01,1
 6.8359E-01,1
 6.7969E-01,1
 6.7383E-01,1
 6.6797E-01,1
 6.6406E-01,1
 6.6016E-01,1
 6.5820E-01,1
 6.5332E-01,1
 6.4941E-01,1
 6.4258E-01,1
 6.3770E-01,1
 6.3281E-01,1
 6.3086E-01,1
 6.2695E-01,1
 6.2207E-01,1
 6.1621E-01,1
 6.1035E-01,1
 6.0645E-01,1
 6.0059E-01,1
 5.9473E-01,1
 5.9180E-01,1
 5.8887E-01,1
 5.8691E-01,1
 5.8203E-01,1
 5.7617E-01,1
 5.7227E-01,1
 5.6738E-01,1
 5.6543E-01,1
 5.6055E-01,1
 5.5566E-01,1
 5.5078E-01,1
 5.4688E-01,1
 5.4102E-01,1
 5.3516E-01,1
 5.3223E-01,1
 5.2930E-01,1
 5.2637E-01,1
 5.2148E-01,1
 5.1465E-01,1
 5.0977E-01,1
 5.0488E-01,1
 5.0195E-01,1
 4.9805E-01,1
 4.9414E-01,1
 4.9023E-01,1
 4.8145E-01,1
 4.7559E-01,1
 4.7266E-01,1
 4.6875E-01,1
 4.6484E-01,1
 4.6191E-01,1
 4.5605E-01,1
 4.4922E-01,1
 4.4336E-01,1
 4.4141E-01,1
 4.4141E-01,1
 4.3750E-01,1
 4.3262E-01,1
 4.2676E-01,1
 4.2188E-01,1
 4.1699E-01,1
 4.1406E-01,1
 4.1016E-01,1
 4.0625E-01,1
 3.9941E-01,1
 3.9355E-01,1
 3.8867E-01,1
 3.8379E-01,1
 3.7988E-01,1
 3.7695E-01,1
 3.7305E-01,1
 3.6621E-01,1
 3.6133E-01,1
 3.5547E-01,1
 3.5156E-01,1
 3.4766E-01,1
 3.4473E-01,1
 3.4180E-01,1
 3.3594E-01,1
 3.3203E-01,1
 3.2520E-01,1
 3.1934E-01,1
 3.1641E-01,1
 3.1348E-01,1
 3.0957E-01,1
 3.0371E-01,1
 2.9883E-01,1
 2.9395E-01,1
 2.8906E-01,1
 2.8613E-01,1
 2.8516E-01,1
 2.8223E-01,1
 2.7539E-01,1
 2.6953E-01,1
 2.6563E-01,1
 2.5977E-01,1
 2.5586E-01,1
 2.5293E-01,1
 2.5000E-01,1
 2.4609E-01,1
 2.4023E-01,1
 2.3340E-01,1
 2.2949E-01,1
 2.2754E-01,1
 2.2559E-01,1
 2.2461E-01,1
 2.2266E-01,1
 2.1973E-01,1
 2.1582E-01,1
 2.1191E-01,1
 2.1191E-01,1
 2.0996E-01,1
 2.0801E-01,1
 2.0508E-01,1
 2.0117E-01,1
 1.9922E-01,1
 1.9629E-01,1
 1.9336E-01,1
 1.9336E-01,1
 1.9238E-01,1
 1.8945E-01,1
 1.8652E-01,1
 1.8457E-01,1
 1.8262E-01,1
 1.8164E-01,1
 1.8262E-01,1
 1.8262E-01,1
 1.8066E-01,1
 1.7676E-01,1
 1.7383E-01,1
 1.7383E-01,1
 1.7383E-01,1
 1.7285E-01,1
 1.7188E-01,1
 1.6797E-01,1
 1.6602E-01,1
 1.6406E-01,1
 1.6406E-01,1
 1.6309E-01,1
 1.5918E-01,1
 1.5820E-01,1
 1.5820E-01,1
 1.5625E-01,1
 1.5332E-01,1
 1.5137E-01,1
 1.5137E-01,1
 1.5039E-01,1
 1.5039E-01,1
 1.4844E-01,1
 1.4746E-01,1
 1.4648E-01,1
 1.4551E-01,1
 1.4453E-01,1
 1.4453E-01,1
 1.4355E-01,1
 1.4063E-01,1
 1.3770E-01,1
 1.3477E-01,1
 1.3477E-01,1
 1.3477E-01,1
 1.3477E-01,1
 1.3477E-01,1
 1.3477E-01,1
 1.3086E-01,1
 1.2793E-01,1
 1.2891E-01,1
 1.2793E-01,1
 1.2598E-01,1
 1.2500E-01,1
 1.2305E-01,1
 1.2207E-01,1
 1.2109E-01,1
 1.2109E-01,1
 1.2012E-01,1
 1.1914E-01,1
 1.1816E-01,1
 1.1621E-01,1
 1.1328E-01,1
 1.1328E-01,1
 1.1328E-01,1
 1.1133E-01,1
 1.1133E-01,1
 1.1133E-01,1
 1.0742E-01,1
 1.0742E-01,1
 1.0645E-01,1
 1.0645E-01,1
 1.0645E-01,1
 1.0547E-01,1
 1.0449E-01,1
 1.0254E-01,1
 1.0254E-01,1
 9.9609E-02,1
 9.8633E-02,1
 9.7656E-02,1
 9.7656E-02,1
 9.7656E-02,1
 9.6680E-02,1
 9.4727E-02,1
 9.3750E-02,1
 9.3750E-02,1
 9.2773E-02,1
 9.2773E-02,1
 9.0820E-02,1
 9.1797E-02,1
 9.1797E-02,1
 8.9844E-02,1
 8.6914E-02,1
 8.5938E-02,1
 8.6914E-02,1
 8.6914E-02,1
 8.5938E-02,1
 8.4961E-02,1
 8.3984E-02,1
 8.3008E-02,1
 8.2031E-02,1
 8.3008E-02,1
 8.1055E-02,1
 8.2031E-02,1
 8.2031E-02,1
 8.1055E-02,1
 7.8125E-02,1
 7.7148E-02,1
 7.6172E-02,1
 7.6172E-02,1
 7.5195E-02,1
 7.6172E-02,1
 7.6172E-02,1
 7.6172E-02,1
 7.3242E-02,1
 7.1289E-02,1
 7.1289E-02,1
 7.1289E-02,1
 7.3242E-02,1
 7.4219E-02,1
 7.2266E-02,1
 7.1289E-02,1
 7.1289E-02,1
 7.1289E-02,1
 6.8359E-02,1
 6.8359E-02,1
 6.8359E-02,1
 6.8359E-02,1
 6.7383E-02,1
 6.6406E-02,1
 6.5430E-02,1
 6.4453E-02,1
 6.4453E-02,1
 6.4453E-02,1
 6.4453E-02,1
 6.3477E-02,1
 6.1523E-02,1
 6.0547E-02,1
 6.1523E-02,1
 6.1523E-02,1
 6.3477E-02,1
 6.1523E-02,1
 6.1523E-02,1
 5.9570E-02,1
 5.8594E-02,1
 5.6641E-02,1
 5.7617E-02,1
 5.8594E-02,1
 5.7617E-02,1
 5.5664E-02,1
 5.6641E-02,1
 5.7617E-02,1
 5.5664E-02,1
 5.5664E-02,1
 5.6641E-02,1
 5.7617E-02,1
 5.5664E-02,1
 5.3711E-02,1
 5.1758E-02,1
 5.2734E-02,1
 5.2734E-02,1
 5.4688E-02,1
 5.4688E-02,1
 5.3711E-02,1
 5.1758E-02,1
 5.1758E-02,1
 5.1758E-02,1
 5.2734E-02,1
 4.8828E-02,1
 4.8828E-02,1
 4.9805E-02,1
 5.0781E-02,1
 4.8828E-02,1
 4.7852E-02,1
 4.8828E-02,1
 4.7852E-02,1
 4.7852E-02,1
 4.7852E-02,1
 4.8828E-02,1
 5.0781E-02,1
 4.9805E-02,1
 4.7852E-02,1
 4.6875E-02,1
 4.5898E-02,1
 4.3945E-02,1
 4.3945E-02,1
 4.4922E-02,1
 4.3945E-02,1
 4.4922E-02,1
 4.3945E-02,1
 4.3945E-02,1
 4.3945E-02,1
 4.2969E-02,1
 4.3945E-02,1
 4.4922E-02,1
 4.3945E-02,1
 4.3945E-02,1
 4.1992E-02,1
 4.1016E-02,1
 4.1992E-02,1
 4.1992E-02,1
 4.1992E-02,1
 4.1992E-02,1
 4.0039E-02,1
 4.0039E-02,1
 4.1016E-02,1
 4.1016E-02,1
 4.1016E-02,1
 3.8086E-02,1
 3.9063E-02,1
 3.9063E-02,1
 3.7109E-02,1
 3.6133E-02,1
 3.7109E-02,1
 3.7109E-02,1
 3.7109E-02,1
 3.7109E-02,1
 3.8086E-02,1
 3.8086E-02,1
 3.8086E-02,1
 3.8086E-02,1
 3.6133E-02,1
 3.6133E-02,1
 3.5156E-02,1
 3.5156E-02,1
 3.5156E-02,1
 3.4180E-02,1
 3.6133E-02,1
 3.6133E-02,1
 3.6133E-02,1
 3.2227E-02,1
 3.2227E-02,1
 3.4180E-02,1
 3.4180E-02,1
 3.5156E-02,1
 3.6133E-02,1
 3.5156E-02,1
 3.4180E-02,1
 3.2227E-02,1
 3.3203E-02,1
 3.3203E-02,1
 3.5156E-02,1
 3.4180E-02,1
 3.4180E-02,1
 3.4180E-02,1
 3.2227E-02,1
 3.0273E-02,1
 2.9297E-02,1
 2.8320E-02,1
 2.9297E-02,1
 3.1250E-02,1
 3.2227E-02,1
 3.1250E-02,1
 3.0273E-02,1
 3.0273E-02,1
 2.9297E-02,1
 3.1250E-02,1
 3.1250E-02,1
 3.2227E-02,1
 3.0273E-02,1
 3.2227E-02,1
 3.2227E-02,1
 2.9297E-02,1
 2.8320E-02,1
 2.8320E-02,1
 2.9297E-02,1
 2.9297E-02,1
 2.9297E-02,1
 2.8320E-02,1
 2.7344E-02,1
 2.7344E-02,1
 2.7344E-02,1
 3.0273E-02,1
 3.1250E-02,1
 3.1250E-02,1
 2.9297E-02,1
 3.8086E-02,1
 2.7344E-02,1
 2.5391E-02,1
 2.7344E-02,1
 2.8320E-02,1
 3.1250E-02,1
 4.1016E-02,1
 1.1426E-01,1
 1.2793E-01,1
 1.2988E-01,1
 1.4453E-01,1
 1.6699E-01,1
 1.9141E-01,1
 2.2070E-01,1
 2.3926E-01,1
 2.5098E-01,1
 2.5684E-01,1
 2.5879E-01,1
 2.6563E-01,1
 2.7539E-01,1
 2.8418E-01,1
 2.8613E-01,1
 2.9004E-01,1
 2.9980E-01,1
 3.0859E-01,1
 3.1055E-01,1
 3.1445E-01,1
 3.2324E-01,1
 3.3105E-01,1
 3.3789E-01,1
 3.4570E-01,1
 3.5449E-01,1
 3.6035E-01,1
 3.6523E-01,1
 3.6816E-01,1
 3.7012E-01,1
 3.7109E-01,1
 3.7402E-01,1
 3.8281E-01,1
 3.8867E-01,1
 3.9355E-01,1
 3.9941E-01,1
 4.0430E-01,1
 4.1211E-01,1
 4.3555E-01,1
 4.3457E-01,1
 4.3164E-01,1
 4.3262E-01,1
 4.3652E-01,1
 4.4043E-01,1
 4.4727E-01,1
 4.5117E-01,1
 4.5605E-01,1
 4.5996E-01,1
 4.6582E-01,1
 4.7266E-01,1
 4.7852E-01,1
 5.1270E-01,1
 5.0879E-01,1
 5.0098E-01,1
 4.9609E-01,1
 4.9707E-01,1
 5.0098E-01,1
 5.0293E-01,1
 5.0684E-01,1
 5.0879E-01,1
 5.1172E-01,1
 5.1563E-01,1
 5.1855E-01,1
 5.2246E-01,1
 5.2637E-01,1
 5.2930E-01,1
 5.3223E-01,1
 5.3418E-01,1
 5.3418E-01,1
 5.3711E-01,1
 5.9570E-01,1
 7.6953E-01,1
 6.7773E-01,1
 6.0254E-01,1
 5.6836E-01,1
 5.5566E-01,1
 5.5273E-01,1
 5.5176E-01,1
 5.5273E-01,1
 5.5566E-01,1
 5.5664E-01,1
 5.5859E-01,1
 5.5859E-01,1
 5.6152E-01,1
 5.6152E-01,1
 5.6250E-01,1
 5.6445E-01,1
 5.6641E-01,1
 5.6641E-01,1
 5.6738E-01,1
 5.6934E-01,1
 5.7129E-01,1
 5.7324E-01,1
 5.7422E-01,1
 5.7617E-01,1
 5.7715E-01,1
 5.7813E-01,1
 5.7715E-01,1
 5.7910E-01,1
 5.8008E-01,1
 5.8105E-01,1
 5.8398E-01,1
 5.8594E-01,1
 5.8887E-01,1
 5.9961E-01,1
 6.1914E-01,1
 6.3574E-01,1
 6.4941E-01,1
 6.6016E-01,1
 6.6895E-01,1
 6.8555E-01,1
 7.0117E-01,1
 7.1484E-01,1
 7.2461E-01,1
 7.3047E-01,1
 7.3633E-01,1
 7.3828E-01,1
 7.4219E-01,1
 7.4414E-01,1
 7.4512E-01,1
 7.4414E-01,1
 7.4219E-01,1
 7.3926E-01,1
 7.3828E-01,1
 7.3730E-01,1
 7.3535E-01,1
 7.3340E-01,1
 7.3438E-01,1
 7.3535E-01,1
 7.3242E-01,1
 7.2949E-01,1
 7.2949E-01,1
 7.2949E-01,1
 7.2852E-01,1
 7.2852E-01,1
 7.3145E-01,1
 7.2949E-01,1
 7.3047E-01,1
 7.3145E-01,1
 7.3145E-01,1
 7.3145E-01,1
 7.3145E-01,1
 7.3242E-01,1
 7.3340E-01,1
 7.3340E-01,1
 7.3438E-01,1
 7.3535E-01,1
 7.3633E-01,1
 7.3438E-01,1
 7.3438E-01,1
 7.3633E-01,1
 7.3828E-01,1
 7.3828E-01,1
 7.3926E-01,1
 7.4023E-01,1
 7.3926E-01,1
 7.3828E-01,1
 7.3926E-01,1
 7.4219E-01,1
 7.4219E-01,1
 7.4023E-01,1
 7.4023E-01,1
 7.4316E-01,1
 7.4414E-01,1
 7.4512E-01,1
 7.4707E-01,1
 7.4902E-01,1
 7.4805E-01,1
 7.4902E-01,1
 7.4902E-01,1
 7.5000E-01,1
 7.4902E-01,1
 7.5098E-01,1
 7.5098E-01,1
 7.5195E-01,1
 7.5098E-01,1
 7.5195E-01,1
 7.5195E-01,1
 7.4707E-01,1
 7.4316E-01,1
 7.4219E-01,1
 7.4121E-01,1
 7.4023E-01,1
 7.4219E-01,1
 7.4316E-01,1
 7.4609E-01,1
 7.4805E-01,1
 7.5000E-01,1
 7.5195E-01,1
 7.5391E-01,1
 7.5781E-01,1
 7.5879E-01,1
 7.6270E-01,1
 7.6660E-01,1
 7.6953E-01,1
 7.7246E-01,1
 7.7344E-01,1
 7.7344E-01,1
 7.7637E-01,1
 7.7539E-01,1
 7.7832E-01,1
 7.7832E-01,1
 7.8320E-01,1
 7.8516E-01,1
 7.8711E-01,1
 7.8809E-01,1
 7.8809E-01,1
 7.8906E-01,1
 7.8906E-01,1
 7.8809E-01,1
 7.9102E-01,1
 7.9395E-01,1
 7.9590E-01,1
 7.9492E-01,1
 7.9688E-01,1
 7.9883E-01,1
 7.9785E-01,1
 7.9883E-01,1
 8.0078E-01,1
 8.0176E-01,1
 8.0176E-01,1
 8.0371E-01,1
 8.0176E-01,1
 8.0371E-01,1
 8.0469E-01,1
 8.0664E-01,1
 8.0566E-01,1
 8.0664E-01,1
 8.0566E-01,1
 8.0762E-01,1
 8.0859E-01,1
 8.0762E-01,1
 8.0664E-01,1
 8.0859E-01,1
 8.0859E-01,1
 8.0859E-01,1
 8.1055E-01,1
 8.1055E-01,1
 8.1055E-01,1
 8.1250E-01,1
 8.1250E-01,1
 8.1250E-01,1
 8.1152E-01,1
 8.1250E-01,1
 8.1250E-01,1
 8.1055E-01,1
 8.1250E-01,1
 4.8926E-01,1
 1.4648E-01,1
 1.5918E-01,1
 1.1133E-01,1
 7.1289E-02,1
 4.1992E-02,1
 2.3438E-02,1
 1.1719E-02,1
 7.8125E-03,1
 4.8828E-03,1
 3.9063E-03,1
 2.9297E-03,1
 3.9063E-03,1
 2.9297E-03,1
 3.9063E-03,1
 2.9297E-03,1
 3.9063E-03,1
 2.9297E-03,1
 2.9297E-03,1
 2.9297E-03,1
 2.9297E-03,1
 2.9297E-03,1
 2.9297E-03,1
 2.9297E-03,1
 2.9297E-03,1
 2.9297E-03,1
 3.9063E-03,1
 2.9297E-03,1
 2.9297E-03,1
 2.9297E-03,1
 2.9297E-03,1
 2.9297E-03,1
 2.9297E-03,1
 2.9297E-03,1
 2.9297E-03,1
 2.9297E-03,1
 2.9297E-03,1
 1.9531E-03,1
 3.9063E-03,1
 2.9297E-03,1
 1.9531E-03,1
 2.9297E-03,1
 2.9297E-03,1
 2.9297E-03,1
 3.9063E-03,1
 2.9297E-03,1
 3.9063E-03,1
 3.9063E-03,1
 4.8828E-03,1
 7.8125E-03,1
 1.4648E-02,1
 1.2695E-02,1
 6.8359E-03,1
 4.8828E-03,1
 2.9297E-03,1
 0.0000E+00,1
 9.7656E-04,1
 1.3672E-02,1
 2.1406E+00,1
 4.0010E+00,1
 4.0693E+00,1
 3.2715E+00,1
 2.3496E+00,1
 1.7539E+00,1
 1.4141E+00,1
 1.2373E+00,1
 1.1377E+00,1
 1.0801E+00,1
 1.0391E+00,1
 1.0068E+00,1
 9.8438E-01,1
 9.6680E-01,1
 9.5020E-01,1
 9.3750E-01,1
 9.2480E-01,1
 9.1504E-01,1
 9.0234E-01,1
 8.9648E-01,1
 8.8770E-01,1
 8.8477E-01,1
 8.7793E-01,1
 8.7305E-01,1
 8.6816E-01,1
 8.6523E-01,1
 8.6133E-01,1
 8.5840E-01,1
 8.5742E-01,1
 8.5449E-01,1
 8.5352E-01,1
 8.5059E-01,1
 8.4766E-01,1
 8.4668E-01,1
 8.4375E-01,1
 8.4473E-01,1
 8.3984E-01,1
 8.3984E-01,1
 8.3887E-01,1
 8.3887E-01,1
 8.3789E-01,1
 8.3691E-01,1
 8.3789E-01,1
 8.3398E-01,1
 8.3496E-01,1
 8.3301E-01,1
 8.3301E-01,1
 8.3398E-01,1
 8.3105E-01,1
 8.2813E-01,1
 8.3105E-01,1
 8.2715E-01,1
 8.2813E-01,1
 8.2813E-01,1
 8.2715E-01,1
 8.2813E-01,1
 8.2617E-01,1
 8.2715E-01,1
 8.2617E-01,1
 8.2617E-01,1
 8.2422E-01,1
 8.2422E-01,1
 8.2422E-01,1
 8.2324E-01,1
 8.2422E-01,1
 8.2422E-01,1
 8.2324E-01,1
 8.2324E-01,1
 8.2129E-01,1
 8.2227E-01,1
 8.2227E-01,1
 8.2422E-01,1
 8.2324E-01,1
 8.2031E-01,1
 8.2031E-01,1
 8.1934E-01,1
 8.2129E-01,1
 8.2031E-01,1
 8.2031E-01,1
 8.1934E-01,1
 8.1836E-01,1
 8.1836E-01,1
 8.2031E-01,1
 8.1934E-01,1
 8.2031E-01,1
 8.1836E-01,1
 8.1738E-01,1
 8.1641E-01,1
 8.1738E-01,1
 8.2031E-01,1
 8.1738E-01,1
 8.1836E-01,1
 8.1738E-01,1
 8.1348E-01,1
 8.1055E-01,1
 8.1055E-01,1
 8.1152E-01,1
 8.1152E-01,1
 8.1250E-01,1
 8.1348E-01,1
 8.1738E-01,1
 8.1934E-01,1
 8.2031E-01,1
 8.2129E-01,1
 8.2422E-01,1
 8.2813E-01,1
 8.2715E-01,1
 8.2910E-01,1
 8.3008E-01,1
 8.3008E-01,1
 8.3008E-01,1
 8.2813E-01,1
 8.2617E-01,1
 8.2617E-01,1
 8.2324E-01,1
 8.2129E-01,1
 8.2031E-01,1
 8.1934E-01,1
 8.1836E-01,1
 8.1641E-01,1
 8.1543E-01,1
 8.1250E-01,1
 8.1445E-01,1
 8.1152E-01,1
 8.0957E-01,1
 8.0957E-01,1
 8.0957E-01,1
 8.0664E-01,1
 8.0762E-01,1
 8.0566E-01,1
 8.0371E-01,1
 8.0371E-01,1
 8.0371E-01,1
 8.0176E-01,1
 7.9883E-01,1
 7.9785E-01,1
 7.9883E-01,1
 7.9785E-01,1
 7.9980E-01,1
 7.9590E-01,1
 7.9688E-01,1
 7.9785E-01,1
 7.9883E-01,1
 7.9688E-01,1
 7.9590E-01,1
 7.9590E-01,1
 7.9395E-01,1
 7.9297E-01,1
 7.9199E-01,1
 7.9297E-01,1
 7.9102E-01,1
 7.8906E-01,1
 7.9199E-01,1
 7.9102E-01,1
 7.8809E-01,1
 7.8809E-01,1
 7.8809E-01,1
 7.8809E-01,1
 7.8516E-01,1
 7.8418E-01,1
 7.8613E-01,1
 7.8418E-01,1
 7.8320E-01,1
 7.8516E-01,1
 7.8223E-01,1
 7.8125E-01,1
 7.8027E-01,1
 7.7832E-01,1
 7.7930E-01,1
 7.8027E-01,1
 7.7930E-01,1
 7.7832E-01,1
 7.7930E-01,1
 7.7930E-01,1
 7.7832E-01,1
 7.7539E-01,1
 7.7637E-01,1
 7.7734E-01,1
 7.7539E-01,1
 7.7344E-01,1
 7.7539E-01,1
 7.7539E-01,1
 7.7344E-01,1
 7.7344E-01,1
 7.7246E-01,1
 7.7051E-01,1
 7.7051E-01,1
 7.6855E-01,1
 7.6758E-01,1
 7.6758E-01,1
 7.6563E-01,1
 7.6563E-01,1
 7.6660E-01,1
 7.6367E-01,1
 7.6074E-01,1
 7.6074E-01,1
 7.6270E-01,1
 7.5977E-01,1
 7.5977E-01,1
 7.5781E-01,1
 7.5586E-01,1
 7.5586E-01,1
 7.5391E-01,1
 7.5293E-01,1
 7.5195E-01,1
 7.5586E-01,1
 7.5879E-01,1
 7.4316E-01,1
 7.4414E-01,1
 7.5000E-01,1
 7.4414E-01,1
 7.4219E-01,1
 7.4219E-01,1
 7.4609E-01,1
 7.4512E-01,1
 7.3535E-01,1
 7.2754E-01,1
 8.0762E-01,1
 1.0752E+00,1
 9.2383E-01,1
 7.6465E-01,1
 6.7676E-01,1
 6.3379E-01,1
 6.1230E-01,1
 6.0352E-01,1
 5.9961E-01,1
 5.9961E-01,1
 5.9863E-01,1
 5.9863E-01,1
 5.9961E-01,1
 5.9961E-01,1
 5.9863E-01,1
 5.9961E-01,1
 6.0059E-01,1
 6.0254E-01,1
 6.0547E-01,1
 6.0742E-01,1
 6.0840E-01,1
 6.0840E-01,1
 6.0840E-01,1
 6.0840E-01,1
 6.1328E-01,1
 6.1621E-01,1
 6.1621E-01,1
 6.1719E-01,1
 6.1816E-01,1
 6.1914E-01,1
 6.2109E-01,1
 6.2402E-01,1
 6.2598E-01,1
 6.2598E-01,1
 6.2500E-01,1
 6.2793E-01,1
 6.2793E-01,1
 6.2891E-01,1
 6.2891E-01,1
 6.2891E-01,1
 6.3086E-01,1
 6.2988E-01,1
 6.3086E-01,1
 6.3379E-01,1
 6.3379E-01,1
 6.3379E-01,1
 6.3477E-01,1
 6.3281E-01,1
 6.3477E-01,1
 6.3574E-01,1
 6.3477E-01,1
 6.3574E-01,1
 6.3477E-01,1
 6.3477E-01,1
 6.3379E-01,1
 6.3574E-01,1
 6.3477E-01,1
 6.3574E-01,1
 6.3574E-01,1
 6.3770E-01,1
 6.3672E-01,1
 6.3672E-01,1
 6.3574E-01,1
 6.3574E-01,1
 6.3574E-01,1
 6.3477E-01,1
 6.3477E-01,1
 6.3379E-01,1
 6.3379E-01,1
 6.3379E-01,1
 6.3184E-01,1
 6.3184E-01,1
 6.3184E-01,1
 6.3086E-01,1
 6.2988E-01,1
 6.2891E-01,1
 6.2891E-01,1
 6.2793E-01,1
 6.2793E-01,1
 6.2891E-01,1
 6.2793E-01,1
 6.2793E-01,1
 6.2793E-01,1
 6.2695E-01,1
 6.2695E-01,1
 6.2695E-01,1
 6.2500E-01,1
 6.2598E-01,1
 6.2500E-01,1
 6.2402E-01,1
 6.2305E-01,1
 6.2305E-01,1
 6.2305E-01,1
 6.2207E-01,1
 6.2207E-01,1
 6.2109E-01,1
 6.2207E-01,1
 6.2012E-01,1
 6.2012E-01,1
 6.1914E-01,1
 6.1914E-01,1
 6.1816E-01,1
 6.1914E-01,1
 6.1816E-01,1
 6.1816E-01,1
 6.1719E-01,1
 6.1621E-01,1
 6.1719E-01,1
 6.1621E-01,1
 6.1523E-01,1
 6.1523E-01,1
 6.1426E-01,1
 6.1523E-01,1
 6.1621E-01,1
 6.1328E-01,1
 6.1523E-01,1
 6.1523E-01,1
 6.1426E-01,1
 6.1426E-01,1
 6.1426E-01,1
 6.1230E-01,1
 6.1230E-01,1
 6.1133E-01,1
 6.1133E-01,1
 6.1133E-01,1
 6.1230E-01,1
 6.1133E-01,1
 6.1035E-01,1
 6.0938E-01,1
 6.1035E-01,1
 6.0840E-01,1
 6.0742E-01,1
 6.0645E-01,1
 6.0645E-01,1
 6.0547E-01,1
 6.0645E-01,1
 6.0547E-01,1
 6.0449E-01,1
 6.0449E-01,1
 6.0352E-01,1
 6.0352E-01,1
 6.0352E-01,1
 6.0352E-01,1
 6.0352E-01,1
 6.0254E-01,1
 6.0254E-01,1
 6.0254E-01,1
 6.0254E-01,1
 6.0254E-01,1
 6.0156E-01,1
 6.0254E-01,1
 6.0059E-01,1
 6.0059E-01,1
 5.9961E-01,1
 5.9961E-01,1
 5.9961E-01,1
 5.9961E-01,1
 5.9961E-01,1
 5.9961E-01,1
 5.9961E-01,1
 6.0059E-01,1
 5.9961E-01,1
 5.9863E-01,1
 5.9863E-01,1
 5.9766E-01,1
 5.9766E-01,1
 5.9766E-01,1
 5.9668E-01,1
 5.9668E-01,1
 5.9570E-01,1
 5.9473E-01,1
 5.9473E-01,1
 5.9473E-01,1
 5.9375E-01,1
 5.9375E-01,1
 5.9375E-01,1
 5.9375E-01,1
 5.9277E-01,1
 5.9375E-01,1
 5.9277E-01,1
 5.9375E-01,1
 5.9473E-01,1
 5.9375E-01,1
 5.9277E-01,1
 5.9277E-01,1
 5.9277E-01,1
 5.9180E-01,1
 5.9277E-01,1
 5.9277E-01,1
 5.9277E-01,1
 5.9180E-01,1
 5.9180E-01,1
 5.9082E-01,1
 5.9180E-01,1
 5.9180E-01,1
 5.9180E-01,1
 5.9277E-01,1
 5.9277E-01,1
 5.9082E-01,1
 5.8984E-01,1
 5.8984E-01,1
 5.9180E-01,1
 5.8984E-01,1
 5.8984E-01,1
 5.8887E-01,1
 5.8887E-01,1
 5.8984E-01,1
 5.8984E-01,1
 5.9082E-01,1
 5.8984E-01,1
 5.8984E-01,1
 5.8887E-01,1
 5.8887E-01,1
 5.8789E-01,1
 5.8887E-01,1
 5.8984E-01,1
 5.8887E-01,1
 5.8984E-01,1
 5.8887E-01,1
 5.8887E-01,1
 5.8594E-01,1
 5.8496E-01,1
 5.8594E-01,1
 5.8496E-01,1
 5.8496E-01,1
 5.8691E-01,1
 5.8691E-01,1
 5.8789E-01,1
 5.8789E-01,1
 5.8691E-01,1
 5.8691E-01,1
 5.8691E-01,1
 5.8594E-01,1
 5.8398E-01,1
 5.8496E-01,1
 5.8398E-01,1
 5.8203E-01,1
 5.8301E-01,1
 5.8594E-01,1
 5.8594E-01,1
 5.8496E-01,1
 5.8398E-01,1
 5.8496E-01,1
 5.8496E-01,1
 5.8496E-01,1
 5.8301E-01,1
 5.8301E-01,1
 5.8496E-01,1
 5.8398E-01,1
 5.8398E-01,1
 5.8496E-01,1
 5.8496E-01,1
 5.8496E-01,1
 5.8594E-01,1
 5.8594E-01,1
 5.8594E-01,1
 5.8496E-01,1
 5.8398E-01,1
 5.8301E-01,1
 5.8301E-01,1
 5.8398E-01,1
 5.8301E-01,1
 5.8398E-01,1
 5.8301E-01,1
 5.8301E-01,1
 5.8301E-01,1
 5.8301E-01,1
 5.8301E-01,1
 5.8301E-01,1
 5.8398E-01,1
 5.8398E-01,1
 5.8301E-01,1
 5.8301E-01,1
 5.8203E-01,1
 5.8301E-01,1
 5.8203E-01,1
 5.8203E-01,1
 5.8203E-01,1
 5.8203E-01,1
 5.8301E-01,1
 5.8398E-01,1
 5.8594E-01,1
 5.8594E-01,1
 5.8496E-01,1
 5.8496E-01,1
 5.8301E-01,1
 5.8203E-01,1
 5.8203E-01,1
 5.8203E-01,1
 5.8203E-01,1
 5.8203E-01,1
 5.8203E-01,1
 5.8301E-01,1
 5.8203E-01,1
 5.8105E-01,1
 5.7910E-01,1
 5.7520E-01,1
 5.7031E-01,1
 5.6934E-01,1
 5.6934E-01,1
 5.6836E-01,1
 5.6738E-01,1
 5.6836E-01,1
 5.6738E-01,1
 5.6641E-01,1
 5.6543E-01,1
 5.6738E-01,1
 5.6836E-01,1
 5.6836E-01,1
 5.7129E-01,1
 5.7129E-01,1
 5.7422E-01,1
 5.7520E-01,1
 5.7715E-01,1
 5.7813E-01,1
 5.8105E-01,1
 5.8398E-01,1
 5.8691E-01,1
 5.8984E-01,1
 5.9375E-01,1
 5.9473E-01,1
 5.9766E-01,1
 5.9961E-01,1
 6.0156E-01,1
 6.1133E-01,1
 6.4453E-01,1
 6.7383E-01,1
 6.9141E-01,1
 6.9434E-01,1
 7.0215E-01,1
 7.0605E-01,1
 7.0117E-01,1
 7.0313E-01,1
 7.0215E-01,1
 7.0117E-01,1
 6.9629E-01,1
 6.9629E-01,1
 6.9531E-01,1
 7.0801E-01,1
 7.2656E-01,1
 7.4219E-01,1
 7.5098E-01,1
 7.5586E-01,1
 7.6660E-01,1
 7.8906E-01,1
 8.1055E-01,1
 8.2715E-01,1
 8.4277E-01,1
 8.5547E-01,1
 8.6621E-01,1
 8.7793E-01,1
 8.8672E-01,1
 8.9746E-01,1
 9.0918E-01,1
 9.1504E-01,1
