 1.0742E+00,3,1,1,10-20-17,15:10:33
 1.0723E+00,1
 1.0703E+00,1
 1.0703E+00,1
 1.0723E+00,1
 1.0742E+00,1
 1.0732E+00,1
 1.0732E+00,1
 1.0732E+00,1
 1.0752E+00,1
 1.0752E+00,1
 1.0723E+00,1
 1.0713E+00,1
 1.0723E+00,1
 1.0732E+00,1
 1.0713E+00,1
 1.0693E+00,1
 1.0693E+00,1
 1.0742E+00,1
 1.0752E+00,1
 1.0713E+00,1
 1.0723E+00,1
 1.0723E+00,1
 1.0723E+00,1
 1.0713E+00,1
 1.0684E+00,1
 1.0693E+00,1
 1.0713E+00,1
 1.0723E+00,1
 1.0713E+00,1
 1.0713E+00,1
 1.0713E+00,1
 1.0732E+00,1
 1.0732E+00,1
 1.0703E+00,1
 1.0693E+00,1
 1.0703E+00,1
 1.0723E+00,1
 1.0703E+00,1
 1.0674E+00,1
 1.0684E+00,1
 1.0713E+00,1
 1.0713E+00,1
 1.0703E+00,1
 1.0713E+00,1
 1.0703E+00,1
 1.0713E+00,1
 1.0703E+00,1
 1.0674E+00,1
 1.0684E+00,1
 1.0703E+00,1
 1.0703E+00,1
 1.0693E+00,1
 1.0693E+00,1
 1.0703E+00,1
 1.0713E+00,1
 1.0732E+00,1
 1.0693E+00,1
 1.0674E+00,1
 1.0674E+00,1
 1.0693E+00,1
 1.0693E+00,1
 1.0684E+00,1
 1.0693E+00,1
 1.0703E+00,1
 1.0703E+00,1
 1.0693E+00,1
 1.0684E+00,1
 1.0703E+00,1
 1.0703E+00,1
 1.0674E+00,1
 1.0664E+00,1
 1.0664E+00,1
 1.0664E+00,1
 1.0703E+00,1
 1.0664E+00,1
 1.0654E+00,1
 1.0693E+00,1
 1.0693E+00,1
 1.0703E+00,1
 1.0664E+00,1
 1.0664E+00,1
 1.0654E+00,1
 1.0664E+00,1
 1.0693E+00,1
 1.0654E+00,1
 1.0645E+00,1
 1.0684E+00,1
 1.0693E+00,1
 1.0664E+00,1
 1.0674E+00,1
 1.0654E+00,1
 1.0654E+00,1
 1.0664E+00,1
 1.0635E+00,1
 1.0635E+00,1
 1.0654E+00,1
 1.0674E+00,1
 1.0674E+00,1
 1.0664E+00,1
 1.0654E+00,1
 1.0654E+00,1
 1.0654E+00,1
 1.0664E+00,1
 1.0645E+00,1
 1.0645E+00,1
 1.0654E+00,1
 1.0664E+00,1
 1.0654E+00,1
 1.0645E+00,1
 1.0664E+00,1
 1.0674E+00,1
 1.0664E+00,1
 1.0645E+00,1
 1.0635E+00,1
 1.0635E+00,1
 1.0654E+00,1
 1.0645E+00,1
 1.0615E+00,1
 1.0625E+00,1
 1.0645E+00,1
 1.0654E+00,1
 1.0645E+00,1
 1.0635E+00,1
 1.0645E+00,1
 1.0645E+00,1
 1.0645E+00,1
 1.0625E+00,1
 1.0625E+00,1
 1.0605E+00,1
 1.0625E+00,1
 1.0635E+00,1
 1.0635E+00,1
 1.0605E+00,1
 1.0635E+00,1
 1.0654E+00,1
 1.0645E+00,1
 1.0635E+00,1
 1.0625E+00,1
 1.0625E+00,1
 1.0645E+00,1
 1.0645E+00,1
 1.0615E+00,1
 1.0605E+00,1
 1.0615E+00,1
 1.0635E+00,1
 1.0615E+00,1
 1.0625E+00,1
 1.0615E+00,1
 1.0615E+00,1
 1.0625E+00,1
 1.0605E+00,1
 1.0576E+00,3,2,0,10-20-17,15:13:05,"succinate"
 1.0566E+00,1
 1.0596E+00,1
 1.0586E+00,1
 1.0566E+00,1
 1.0576E+00,1
 1.0605E+00,1
 1.0625E+00,1
 1.0596E+00,1
 1.0586E+00,1
 1.0586E+00,1
 1.0586E+00,1
 1.0596E+00,1
 1.0586E+00,1
 1.0586E+00,1
 1.0586E+00,1
 1.0615E+00,1
 1.0586E+00,1
 1.0586E+00,1
 1.0596E+00,1
 1.0605E+00,1
 1.0596E+00,1
 1.0596E+00,1
 1.0596E+00,1
 1.0596E+00,1
 1.0596E+00,1
 1.0586E+00,1
 1.0576E+00,1
 1.0566E+00,1
 1.0576E+00,1
 1.0605E+00,1
 1.0596E+00,1
 1.0596E+00,1
 1.0586E+00,1
 1.0586E+00,1
 1.0596E+00,1
 1.0576E+00,1
 1.0576E+00,1
 1.0576E+00,1
 1.0576E+00,1
 1.0576E+00,1
 1.0596E+00,1
 1.0576E+00,1
 1.0576E+00,1
 1.0576E+00,1
 1.0566E+00,1
 1.0586E+00,1
 1.0576E+00,1
 1.0566E+00,1
 1.0557E+00,1
 1.0547E+00,1
 1.0557E+00,1
 1.0557E+00,1
 1.0537E+00,1
 1.0557E+00,1
 1.0596E+00,1
 1.0615E+00,1
 1.0566E+00,1
 1.0557E+00,1
 1.0557E+00,1
 1.0557E+00,1
 1.0566E+00,1
 1.0566E+00,1
 1.0547E+00,1
 1.0537E+00,1
 1.0537E+00,1
 1.0566E+00,1
 1.0576E+00,1
 1.0566E+00,1
 1.0557E+00,1
 1.0576E+00,1
 1.0586E+00,1
 1.0557E+00,1
 1.0547E+00,1
 1.0537E+00,1
 1.0557E+00,1
 1.0557E+00,1
 1.0547E+00,1
 1.0537E+00,1
 1.0547E+00,1
 1.0547E+00,1
 1.0557E+00,1
 1.0537E+00,1
 1.0537E+00,1
 1.0547E+00,1
 1.0537E+00,1
 1.0537E+00,1
 1.0518E+00,1
 1.0518E+00,1
 1.0527E+00,1
 1.0547E+00,1
 1.0527E+00,1
 1.0518E+00,1
 1.0537E+00,1
 1.0537E+00,1
 1.0527E+00,1
 1.0508E+00,1
 1.0508E+00,1
 1.0498E+00,1
 1.0518E+00,1
 1.0518E+00,1
 1.0498E+00,1
 1.0508E+00,1
 1.0527E+00,1
 1.0537E+00,1
 1.0518E+00,1
 1.0488E+00,1
 1.0488E+00,1
 1.0498E+00,1
 1.0508E+00,1
 1.0498E+00,1
 1.0488E+00,1
 1.0488E+00,1
 1.0498E+00,1
 1.0508E+00,1
 1.0498E+00,1
 1.0488E+00,1
 1.0498E+00,1
 1.0508E+00,1
 1.0498E+00,1
 1.0488E+00,1
 1.0479E+00,1
 1.0469E+00,1
 1.0479E+00,1
 1.0479E+00,1
 1.0479E+00,1
 1.0449E+00,1
 1.0459E+00,1
 1.0498E+00,1
 1.0479E+00,1
 1.0479E+00,1
 1.0479E+00,1
 1.0479E+00,1
 1.0479E+00,1
 1.0469E+00,1
 1.0479E+00,1
 1.0469E+00,1
 1.0459E+00,1
 1.0449E+00,1
 1.0459E+00,1
 1.0459E+00,1
 1.0459E+00,1
 1.0479E+00,1
 1.0488E+00,1
 1.0479E+00,1
 1.0459E+00,1
 1.0449E+00,1
 1.0430E+00,1
 1.0449E+00,1
 1.0469E+00,1
 1.0439E+00,1
 1.0430E+00,1
 1.0469E+00,1
 1.0479E+00,1
 1.0479E+00,1
 1.0439E+00,1
 1.0439E+00,1
 1.0439E+00,1
 1.0459E+00,1
 1.0449E+00,1
 1.0430E+00,1
 1.0420E+00,1
 1.0410E+00,1
 1.0439E+00,1
 1.0439E+00,1
 1.0430E+00,1
 1.0439E+00,1
 1.0430E+00,1
 1.0439E+00,1
 1.0449E+00,1
 1.0439E+00,1
 1.0420E+00,1
 1.0420E+00,1
 1.0410E+00,1
 1.0420E+00,1
 1.0410E+00,1
 1.0391E+00,1
 1.0400E+00,1
 1.0420E+00,1
 1.0449E+00,1
 1.0430E+00,1
 1.0410E+00,1
 1.0400E+00,1
 1.0410E+00,1
 1.0410E+00,1
 1.0420E+00,1
 1.0410E+00,1
 1.0420E+00,1
 1.0410E+00,1
 1.0410E+00,1
 1.0420E+00,1
 1.0391E+00,1
 1.0400E+00,1
 1.0391E+00,1
 1.0400E+00,1
 1.0410E+00,1
 1.0430E+00,1
 1.0420E+00,1
 1.0391E+00,1
 1.0371E+00,1
 1.0361E+00,1
 1.0371E+00,1
 1.0410E+00,1
 1.0410E+00,1
 1.0381E+00,1
 1.0371E+00,1
 1.0391E+00,1
 1.0391E+00,1
 1.0391E+00,1
 1.0361E+00,1
 1.0352E+00,1
 1.0371E+00,1
 1.0391E+00,1
 1.0391E+00,1
 1.0391E+00,1
 1.0381E+00,1
 1.0381E+00,1
 1.0381E+00,1
 1.0381E+00,1
 1.0371E+00,1
 1.0361E+00,1
 1.0361E+00,1
 1.0352E+00,1
 1.0352E+00,1
 1.0352E+00,1
 1.0342E+00,1
 1.0352E+00,1
 1.0361E+00,1
 1.0371E+00,1
 1.0352E+00,1
 1.0361E+00,1
 1.0361E+00,1
 1.0361E+00,1
 1.0352E+00,1
 1.0361E+00,1
 1.0332E+00,1
 1.0332E+00,1
 1.0342E+00,1
 1.0352E+00,1
 1.0342E+00,1
 1.0332E+00,1
 1.0342E+00,1
 1.0332E+00,1
 1.0332E+00,1
 1.0332E+00,1
 1.0332E+00,1
 1.0332E+00,1
 1.0322E+00,1
 1.0342E+00,1
 1.0352E+00,1
 1.0332E+00,1
 1.0322E+00,1
 1.0352E+00,1
 1.0361E+00,1
 1.0361E+00,1
 1.0342E+00,1
 1.0322E+00,1
 1.0342E+00,1
 1.0332E+00,1
 1.0332E+00,1
 1.0303E+00,1
 1.0313E+00,1
 1.0313E+00,1
 1.0313E+00,1
 1.0322E+00,1
 1.0332E+00,1
 1.0313E+00,1
 1.0313E+00,1
 1.0332E+00,1
 1.0332E+00,1
 1.0313E+00,1
 1.0313E+00,1
 1.0313E+00,1
 1.0313E+00,1
 1.0303E+00,1
 1.0303E+00,1
 1.0303E+00,1
 1.0322E+00,1
 1.0332E+00,1
 1.0313E+00,1
 1.0293E+00,1
 1.0303E+00,1
 1.0313E+00,1
 1.0322E+00,1
 1.0303E+00,1
 1.0293E+00,1
 1.0283E+00,1
 1.0303E+00,1
 1.0293E+00,1
 1.0293E+00,1
 1.0303E+00,1
 1.0313E+00,1
 1.0342E+00,1
 1.0293E+00,1
 1.0244E+00,1
 1.0176E+00,1
 1.0107E+00,1
 1.0029E+00,1
 9.9707E-01,1
 9.9121E-01,1
 9.8535E-01,1
 9.8047E-01,1
 9.7754E-01,1
 9.7559E-01,1
 9.7266E-01,1
 9.6973E-01,1
 9.6777E-01,1
 9.6289E-01,1
 9.5996E-01,1
 9.5801E-01,1
 9.5508E-01,1
 9.5117E-01,1
 9.4922E-01,1
 9.4727E-01,1
 9.4531E-01,1
 9.4336E-01,1
 9.3945E-01,1
 9.3945E-01,1
 9.3848E-01,1
 9.3555E-01,1
 9.3457E-01,1
 9.3066E-01,1
 9.2969E-01,1
 9.2773E-01,1
 9.2480E-01,1
 9.2383E-01,1
 9.2285E-01,1
 9.2090E-01,1
 9.1895E-01,1
 9.1797E-01,1
 9.2578E-01,1
 1.2441E+00,1
 1.1875E+00,1
 1.0469E+00,1
 9.6289E-01,1
 9.2480E-01,1
 9.0820E-01,1
 9.0234E-01,1
 9.0137E-01,1
 8.9844E-01,1
 8.9551E-01,1
 8.9551E-01,1
 8.9258E-01,1
 8.9355E-01,1
 8.9063E-01,1
 8.8770E-01,1
 8.8379E-01,1
 8.8379E-01,1
 8.8281E-01,1
 8.7988E-01,1
 8.7793E-01,1
 8.7598E-01,1
 8.7793E-01,1
 1.0635E+00,1
 1.0352E+00,1
 9.5117E-01,1
 9.0527E-01,1
 8.8184E-01,1
 8.7109E-01,1
 8.6523E-01,1
 8.6426E-01,1
 8.6230E-01,1
 8.6035E-01,1
 8.6035E-01,1
 8.5840E-01,1
 8.5547E-01,1
 8.5547E-01,1
 8.5449E-01,1
 8.5352E-01,1
 8.5449E-01,1
 8.5352E-01,1
 8.5254E-01,1
 8.5156E-01,1
 8.4863E-01,1
 8.4863E-01,1
 8.4570E-01,1
 8.4668E-01,1
 8.4668E-01,1
 8.4668E-01,1
 8.4375E-01,1
