 1.0664E+00,3,1,1,10-10-17,17:22:27
 1.0664E+00,1
 1.0684E+00,1
 1.0684E+00,1
 1.0684E+00,1
 1.0664E+00,1
 1.0684E+00,1
 1.0674E+00,1
 1.0684E+00,1
 1.0674E+00,1
 1.0684E+00,1
 1.0684E+00,1
 1.0654E+00,1
 1.0654E+00,1
 1.0684E+00,1
 1.0703E+00,1
 1.0684E+00,1
 1.0674E+00,1
 1.0674E+00,1
 1.0654E+00,1
 1.0654E+00,1
 1.0645E+00,1
 1.0674E+00,1
 1.0684E+00,1
 1.0654E+00,1
 1.0664E+00,1
 1.0664E+00,1
 1.0684E+00,1
 1.0684E+00,1
 1.0684E+00,1
 1.0674E+00,1
 1.0664E+00,1
 1.0664E+00,1
 1.0654E+00,1
 1.0654E+00,1
 1.0664E+00,1
 1.0664E+00,1
 1.0674E+00,1
 1.0674E+00,1
 1.0674E+00,1
 1.0664E+00,1
 1.0674E+00,1
 1.0674E+00,1
 1.0674E+00,1
 1.0654E+00,1
 1.0654E+00,1
 1.0645E+00,1
 1.0645E+00,1
 1.0654E+00,1
 1.0674E+00,1
 1.0654E+00,1
 1.0654E+00,1
 1.0664E+00,1
 1.0674E+00,1
 1.0664E+00,1
 1.0674E+00,1
 1.0684E+00,1
 1.0664E+00,1
 1.0664E+00,1
 1.0654E+00,1
 1.0654E+00,1
 1.0654E+00,1
 1.0684E+00,1
 1.0684E+00,1
 1.0654E+00,1
 1.0654E+00,1
 1.0635E+00,1
 1.0654E+00,1
 1.0645E+00,1
 1.0654E+00,1
 1.0645E+00,1
 1.0664E+00,1
 1.0674E+00,1
 1.0654E+00,1
 1.0664E+00,1
 1.0654E+00,1
 1.0664E+00,1
 1.0654E+00,1
 1.0635E+00,1
 1.0664E+00,1
 1.0674E+00,1
 1.0654E+00,1
 1.0635E+00,1
 1.0635E+00,1
 1.0635E+00,1
 1.0645E+00,1
 1.0674E+00,1
 1.0635E+00,1
 1.0635E+00,1
 1.0635E+00,1
 1.0625E+00,1
 1.0635E+00,1
 1.0635E+00,1
 1.0615E+00,1
 1.0645E+00,1
 1.0645E+00,1
 1.0645E+00,1
 1.0645E+00,1
 1.0645E+00,1
 1.0645E+00,1
 1.0654E+00,1
 1.0625E+00,1
 1.0635E+00,1
 1.0645E+00,1
 1.0654E+00,1
 1.0645E+00,1
 1.0635E+00,1
 1.0645E+00,1
 1.0635E+00,1
 1.0654E+00,1
 1.0645E+00,1
 1.0645E+00,1
 1.0645E+00,1
 1.0645E+00,1
 1.0645E+00,1
 1.0625E+00,1
 1.0635E+00,1
 1.0654E+00,1
 1.0635E+00,1
 1.0635E+00,1
 1.0635E+00,1
 1.0635E+00,1
 1.0635E+00,1
 1.0625E+00,1
 1.0635E+00,1
 1.0615E+00,1
 1.0615E+00,1
 1.0605E+00,1
 1.0615E+00,1
 1.0635E+00,1
 1.0635E+00,1
 1.0615E+00,1
 1.0615E+00,1
 1.0625E+00,1
 1.0625E+00,1
 1.0625E+00,1
 1.0615E+00,1
 1.0635E+00,1
 1.0625E+00,1
 1.0615E+00,1
 1.0635E+00,1
 1.0635E+00,1
 1.0635E+00,1
 1.0635E+00,1
 1.0625E+00,1
 1.0615E+00,1
 1.0605E+00,1
 1.0596E+00,1
 1.0615E+00,1
 1.0615E+00,1
 1.0615E+00,1
 1.0625E+00,1
 1.0625E+00,1
 1.0635E+00,1
 1.0625E+00,1
 1.0615E+00,1
 1.0625E+00,1
 1.0635E+00,1
 1.0645E+00,1
 1.0625E+00,1
 1.0625E+00,1
 1.0625E+00,1
 1.0625E+00,1
 1.0635E+00,1
 1.0615E+00,1
 1.0615E+00,1
 1.0586E+00,1
 1.0566E+00,1
 1.0586E+00,3,2,0,10-10-17,17:25:15,"50um succinate"
 1.0566E+00,1
 1.0576E+00,1
 1.0566E+00,1
 1.0537E+00,1
 1.0537E+00,1
 1.0527E+00,1
 1.0518E+00,1
 1.0479E+00,1
 1.0449E+00,1
 1.0459E+00,1
 1.0449E+00,1
 1.0410E+00,1
 1.0410E+00,1
 1.0391E+00,1
 1.0352E+00,1
 1.0332E+00,1
 1.0322E+00,1
 1.0303E+00,1
 1.0293E+00,1
 1.0264E+00,1
 1.0264E+00,1
 1.0234E+00,1
 1.0215E+00,1
 1.0186E+00,1
 1.0176E+00,1
 1.0146E+00,1
 1.0107E+00,1
 1.0098E+00,1
 1.0098E+00,1
 1.0098E+00,1
 1.0068E+00,1
 1.0049E+00,1
 1.0020E+00,1
 9.9902E-01,1
 9.9707E-01,1
 9.9512E-01,1
 9.9512E-01,1
 9.9121E-01,1
 9.8828E-01,1
 9.8730E-01,1
 9.8633E-01,1
 9.8633E-01,1
 9.8242E-01,1
 9.8340E-01,1
 9.7949E-01,1
 9.7852E-01,1
 9.7656E-01,1
 9.7461E-01,1
 9.7070E-01,1
 9.6875E-01,1
 9.6777E-01,1
 9.6680E-01,1
 9.6582E-01,1
 9.6387E-01,1
 9.5898E-01,1
 9.5898E-01,1
 9.5898E-01,1
 9.5703E-01,1
 9.5313E-01,1
 9.5020E-01,1
 9.5020E-01,1
 9.4922E-01,1
 9.4629E-01,1
 9.4336E-01,1
 9.4238E-01,1
 9.4141E-01,1
 9.4141E-01,1
 9.3652E-01,1
 9.3555E-01,1
 9.3457E-01,1
 9.3359E-01,1
 9.3066E-01,1
 9.2969E-01,1
 9.2383E-01,1
 9.2285E-01,1
 9.1992E-01,1
 9.1992E-01,1
 9.1895E-01,1
 9.1895E-01,1
 9.1504E-01,1
 9.1504E-01,1
 9.1211E-01,1
 9.1016E-01,1
 9.0723E-01,1
 9.0527E-01,1
 9.0234E-01,1
 9.0039E-01,1
 8.9941E-01,1
 8.9844E-01,1
 8.9844E-01,1
 8.9355E-01,1
 8.9258E-01,1
 8.8965E-01,1
 8.8574E-01,1
 8.8477E-01,1
 8.8281E-01,1
 8.8184E-01,1
 8.7891E-01,1
 8.7891E-01,1
 8.7598E-01,1
 8.7500E-01,1
 8.7109E-01,1
 8.6914E-01,1
 8.7012E-01,1
 8.6816E-01,1
 8.6426E-01,1
 8.6133E-01,1
 8.6035E-01,1
 8.5840E-01,1
 8.5547E-01,1
 8.5449E-01,1
 8.5254E-01,1
 8.5059E-01,1
 8.5059E-01,1
 8.5059E-01,1
 8.4668E-01,1
 8.4375E-01,1
 8.4277E-01,1
 8.3984E-01,1
 8.3691E-01,1
 8.3594E-01,1
 8.3496E-01,1
 8.3496E-01,1
 8.3203E-01,1
 8.2813E-01,1
 8.2617E-01,1
 8.2617E-01,1
 8.2520E-01,1
 8.2227E-01,1
 8.1934E-01,1
 8.1934E-01,1
 8.1836E-01,1
 8.1543E-01,1
 8.1348E-01,1
 8.1152E-01,1
 8.0957E-01,1
 8.0762E-01,1
 8.0566E-01,1
 8.0664E-01,1
 8.0273E-01,1
 8.0273E-01,1
 7.9883E-01,1
 7.9492E-01,1
 7.9395E-01,1
 7.9102E-01,1
 7.9102E-01,1
 7.8711E-01,1
 7.8418E-01,1
 7.8418E-01,1
 7.8418E-01,1
 7.8223E-01,1
 7.7734E-01,1
 7.7734E-01,1
 7.7734E-01,1
 7.7637E-01,1
 7.7344E-01,1
 7.6953E-01,1
 7.6758E-01,1
 7.6563E-01,1
 7.6465E-01,1
 7.6172E-01,1
 7.6074E-01,1
 7.6074E-01,1
 7.6074E-01,1
 7.5586E-01,1
 7.5293E-01,1
 7.5293E-01,1
 7.5000E-01,1
 7.4512E-01,1
 7.4512E-01,1
 7.4609E-01,3,3,0,10-10-17,17:28:06,"50um h2o"
 7.4707E-01,1
 7.4707E-01,1
 7.4512E-01,1
 7.4316E-01,1
 7.4219E-01,1
 7.4219E-01,1
 7.4121E-01,1
 7.3926E-01,1
 7.3828E-01,1
 7.3438E-01,1
 7.3340E-01,1
 7.3340E-01,1
 7.3242E-01,1
 7.2852E-01,1
 7.3047E-01,1
 7.2754E-01,1
 7.2461E-01,1
 7.2266E-01,1
 7.2363E-01,1
 7.2266E-01,1
 7.1973E-01,1
 7.1973E-01,1
 7.1875E-01,1
 7.1777E-01,1
 7.1387E-01,1
 7.1289E-01,1
 7.1191E-01,1
 7.1094E-01,1
 7.0898E-01,1
 7.0703E-01,1
 7.0605E-01,1
 7.0898E-01,1
 7.0410E-01,1
 7.0313E-01,1
 7.0313E-01,1
 7.0117E-01,1
 6.9824E-01,1
 6.9629E-01,1
 6.9434E-01,1
 6.9238E-01,1
 6.9141E-01,1
 6.9141E-01,1
 6.8945E-01,1
 6.9141E-01,1
 6.8848E-01,1
 6.8652E-01,1
 6.8359E-01,1
 6.8262E-01,1
 6.8066E-01,1
 6.7773E-01,1
 6.7676E-01,1
 6.7773E-01,1
 6.7285E-01,1
 6.7188E-01,1
 6.7090E-01,1
 6.7285E-01,1
 6.6992E-01,1
 6.6797E-01,1
 6.6797E-01,1
 6.6699E-01,1
 6.6406E-01,1
 6.6113E-01,1
 6.5918E-01,1
 6.5723E-01,1
 6.5625E-01,1
 6.5527E-01,1
 6.5332E-01,1
 6.5527E-01,1
 6.5137E-01,1
 6.4941E-01,1
 6.4746E-01,1
 6.4355E-01,1
 6.4453E-01,1
 6.4258E-01,1
 6.4160E-01,1
 6.3965E-01,1
 6.3867E-01,1
 6.3867E-01,1
 6.3672E-01,1
 6.3477E-01,1
 6.3477E-01,1
 6.3281E-01,1
 6.3086E-01,1
 6.2793E-01,1
 6.2793E-01,1
 6.2695E-01,1
 6.2305E-01,1
 6.1914E-01,1
 6.1719E-01,1
 6.1914E-01,1
 6.1816E-01,1
 6.1621E-01,1
 6.1621E-01,1
 6.1426E-01,1
 6.1230E-01,1
 6.1133E-01,1
 6.0840E-01,1
 6.0742E-01,1
 6.0645E-01,1
 6.0254E-01,1
 6.0156E-01,1
 6.0059E-01,1
 5.9961E-01,1
 5.9863E-01,1
 5.9668E-01,1
 5.9766E-01,1
 5.9570E-01,1
 5.9277E-01,1
 5.9375E-01,1
 5.9180E-01,1
 5.8691E-01,1
 5.8691E-01,1
 5.8594E-01,1
 5.8496E-01,1
 5.8398E-01,1
 5.8301E-01,1
 5.8301E-01,1
 5.8008E-01,1
 5.7813E-01,1
 5.7715E-01,1
 5.7617E-01,1
 5.7227E-01,1
 5.7129E-01,1
 5.6934E-01,1
 5.7031E-01,1
 5.6836E-01,1
 5.6738E-01,1
 5.6445E-01,1
 5.6152E-01,1
 5.6055E-01,1
 5.6152E-01,1
 5.6055E-01,1
 5.5664E-01,1
 5.5566E-01,1
 5.5469E-01,1
 5.5469E-01,1
 5.5078E-01,1
 5.4980E-01,1
 5.4785E-01,1
 5.4688E-01,1
 5.4590E-01,1
 5.4492E-01,1
 5.4492E-01,1
 5.4297E-01,1
 5.4102E-01,1
 5.3906E-01,1
 5.3711E-01,1
 5.3613E-01,1
 5.3418E-01,1
 5.3320E-01,1
 5.3125E-01,1
 5.3027E-01,1
 5.3027E-01,1
 5.2832E-01,1
 5.2539E-01,1
 5.2637E-01,1
 5.2344E-01,1
 5.2148E-01,1
 5.1953E-01,1
 5.1953E-01,1
 5.1855E-01,1
 5.1758E-01,1
 5.1270E-01,1
 5.1074E-01,1
 5.0879E-01,1
 5.0977E-01,1
 5.0684E-01,1
 5.0586E-01,1
 5.0586E-01,1
 5.0488E-01,1
 5.0098E-01,1
