 1.0713E+00,3,1,1,10-10-17,17:39:30
 1.0713E+00,1
 1.0713E+00,1
 1.0732E+00,1
 1.0723E+00,1
 1.0732E+00,1
 1.0732E+00,1
 1.0742E+00,1
 1.0732E+00,1
 1.0723E+00,1
 1.0732E+00,1
 1.0723E+00,1
 1.0723E+00,1
 1.0713E+00,1
 1.0713E+00,1
 1.0723E+00,1
 1.0723E+00,1
 1.0723E+00,1
 1.0723E+00,1
 1.0732E+00,1
 1.0732E+00,1
 1.0732E+00,1
 1.0732E+00,1
 1.0752E+00,1
 1.0752E+00,1
 1.0723E+00,1
 1.0713E+00,1
 1.0742E+00,1
 1.0762E+00,1
 1.0713E+00,1
 1.0713E+00,1
 1.0713E+00,1
 1.0723E+00,1
 1.0713E+00,1
 1.0723E+00,1
 1.0723E+00,1
 1.0742E+00,1
 1.0752E+00,1
 1.0732E+00,1
 1.0742E+00,1
 1.0723E+00,1
 1.0732E+00,1
 1.0732E+00,1
 1.0742E+00,1
 1.0742E+00,1
 1.0713E+00,1
 1.0732E+00,1
 1.0742E+00,1
 1.0723E+00,1
 1.0713E+00,1
 1.0713E+00,1
 1.0732E+00,1
 1.0732E+00,1
 1.0762E+00,1
 1.0762E+00,1
 1.0762E+00,1
 1.0752E+00,1
 1.0742E+00,1
 1.0752E+00,1
 1.0723E+00,1
 1.0723E+00,1
 1.0732E+00,1
 1.0713E+00,1
 1.0742E+00,1
 1.0732E+00,1
 1.0723E+00,1
 1.0732E+00,1
 1.0723E+00,1
 1.0742E+00,1
 1.0732E+00,1
 1.0713E+00,1
 1.0732E+00,1
 1.0752E+00,1
 1.0752E+00,1
 1.0723E+00,1
 1.0723E+00,1
 1.0723E+00,1
 1.0732E+00,1
 1.0723E+00,1
 1.0703E+00,1
 1.0723E+00,1
 1.0723E+00,1
 1.0723E+00,1
 1.0713E+00,1
 1.0742E+00,1
 1.0742E+00,1
 1.0742E+00,1
 1.0732E+00,1
 1.0732E+00,1
 1.0723E+00,1
 1.0723E+00,1
 1.0723E+00,1
 1.0713E+00,1
 1.0732E+00,1
 1.0752E+00,1
 1.0752E+00,1
 1.0732E+00,1
 1.0732E+00,1
 1.0732E+00,1
 1.0732E+00,1
 1.0732E+00,1
 1.0713E+00,1
 1.0723E+00,1
 1.0742E+00,1
 1.0752E+00,1
 1.0762E+00,1
 1.0742E+00,1
 1.0732E+00,1
 1.0742E+00,1
 1.0723E+00,1
 1.0732E+00,1
 1.0713E+00,1
 1.0703E+00,1
 1.0713E+00,1
 1.0723E+00,1
 1.0723E+00,1
 1.0752E+00,1
 1.0752E+00,1
 1.0732E+00,1
 1.0723E+00,1
 1.0723E+00,1
 1.0723E+00,1
 1.0752E+00,1
 1.0723E+00,1
 1.0732E+00,1
 1.0723E+00,1
 1.0723E+00,3,2,0,10-10-17,17:41:36,""
 1.0713E+00,1
 1.0713E+00,1
 1.0732E+00,1
 1.0723E+00,1
 1.0723E+00,1
 1.0713E+00,1
 1.0723E+00,1
 1.0723E+00,1
 1.0732E+00,1
 1.0732E+00,1
 1.0742E+00,1
 1.0752E+00,1
 1.0732E+00,1
 1.0723E+00,1
 1.0713E+00,1
 1.0713E+00,1
 1.0703E+00,3,3,0,10-10-17,17:41:53,"50um Succinate"
 1.0703E+00,1
 1.0703E+00,1
 1.0693E+00,1
 1.0693E+00,1
 1.0703E+00,1
 1.0684E+00,1
 1.0664E+00,1
 1.0635E+00,1
 1.0615E+00,1
 1.0615E+00,1
 1.0586E+00,1
 1.0586E+00,1
 1.0557E+00,1
 1.0527E+00,1
 1.0527E+00,1
 1.0508E+00,1
 1.0479E+00,1
 1.0459E+00,1
 1.0479E+00,1
 1.0439E+00,1
 1.0430E+00,1
 1.0400E+00,1
 1.0381E+00,1
 1.0371E+00,1
 1.0361E+00,1
 1.0342E+00,1
 1.0322E+00,1
 1.0303E+00,1
 1.0303E+00,1
 1.0264E+00,1
 1.0264E+00,1
 1.0225E+00,1
 1.0215E+00,1
 1.0186E+00,1
 1.0176E+00,1
 1.0146E+00,1
 1.0146E+00,1
 1.0117E+00,1
 1.0098E+00,1
 1.0049E+00,1
 1.0049E+00,1
 1.0049E+00,1
 1.0049E+00,1
 1.0010E+00,1
 9.9707E-01,1
 9.9609E-01,1
 9.9609E-01,1
 9.9414E-01,1
 9.9121E-01,1
 9.8730E-01,1
 9.8535E-01,1
 9.8438E-01,1
 9.8242E-01,1
 9.7949E-01,1
 9.7656E-01,1
 9.7559E-01,1
 9.7461E-01,1
 9.7363E-01,1
 9.7461E-01,1
 9.7266E-01,1
 9.6875E-01,1
 9.6777E-01,1
 9.6387E-01,1
 9.6191E-01,1
 9.6094E-01,1
 9.5801E-01,1
 9.5996E-01,1
 9.5703E-01,1
 9.5215E-01,1
 9.5020E-01,1
 9.5215E-01,1
 9.4922E-01,1
 9.4922E-01,1
 9.4629E-01,1
 9.4531E-01,1
 9.4336E-01,1
 9.4043E-01,1
 9.3848E-01,1
 9.3750E-01,1
 9.3652E-01,1
 9.3457E-01,1
 9.3262E-01,1
 9.3066E-01,1
 9.2773E-01,1
 9.2480E-01,1
 9.2383E-01,1
 9.2285E-01,1
 9.2285E-01,1
 9.1895E-01,1
 9.1602E-01,1
 9.1504E-01,1
 9.1211E-01,1
 9.1211E-01,1
 9.1016E-01,1
 9.1016E-01,1
 9.1016E-01,1
 9.0625E-01,1
 9.0137E-01,1
 9.0039E-01,1
 8.9746E-01,1
 8.9551E-01,1
 8.9453E-01,1
 8.9355E-01,1
 8.9258E-01,1
 8.8867E-01,1
 8.8574E-01,1
 8.8477E-01,1
 8.8281E-01,1
 8.7988E-01,1
 8.7793E-01,1
 8.7500E-01,1
 8.7500E-01,1
 8.7305E-01,1
 8.7109E-01,1
 8.7109E-01,1
 8.6621E-01,1
 8.6621E-01,1
 8.6426E-01,1
 8.6523E-01,1
 8.6230E-01,1
 8.5840E-01,1
 8.5547E-01,1
 8.5449E-01,1
 8.5059E-01,1
 8.4863E-01,1
 8.4766E-01,1
 8.4570E-01,1
 8.4375E-01,1
 8.4180E-01,1
 8.4180E-01,1
 8.4180E-01,1
 8.4180E-01,1
 8.3594E-01,1
 8.3398E-01,1
 8.3301E-01,1
 8.3105E-01,1
 8.2910E-01,1
 8.2813E-01,1
 8.2715E-01,1
 8.2422E-01,1
 8.2422E-01,1
 8.2129E-01,1
 8.1934E-01,1
 8.1836E-01,1
 8.1738E-01,1
 8.1445E-01,1
 8.1348E-01,1
 8.1055E-01,1
 8.0957E-01,1
 8.0762E-01,1
 8.0566E-01,1
 8.0371E-01,1
 8.0371E-01,1
 7.9980E-01,1
 7.9785E-01,1
 7.9785E-01,1
 7.9395E-01,1
 7.9590E-01,1
 7.9199E-01,1
 7.8711E-01,1
 7.8418E-01,1
 7.8320E-01,1
 7.8223E-01,1
 7.8223E-01,1
 7.7832E-01,1
 7.7734E-01,1
 7.7734E-01,1
 7.7441E-01,1
 7.7051E-01,1
 7.7051E-01,1
 7.6855E-01,1
 7.6563E-01,1
 7.6465E-01,1
 7.6367E-01,1
 7.5977E-01,1
 7.5781E-01,1
 7.5684E-01,1
 7.5684E-01,1
 7.5391E-01,1
 7.5098E-01,1
 7.4805E-01,1
 7.4609E-01,1
 7.4512E-01,1
 7.4512E-01,1
 7.4316E-01,1
 7.4023E-01,1
 7.3828E-01,1
 7.3633E-01,1
 7.3535E-01,3,4,0,10-10-17,17:45:02,"50um h2o"
 7.3535E-01,1
 7.3535E-01,1
 7.3340E-01,1
 7.3438E-01,1
 7.3340E-01,1
 7.3145E-01,1
 7.2949E-01,1
 7.2949E-01,1
 7.2754E-01,1
 7.2852E-01,1
 7.2461E-01,1
 7.2168E-01,1
 7.2266E-01,1
 7.2266E-01,1
 7.1777E-01,1
 7.1680E-01,1
 7.1484E-01,1
 7.1484E-01,1
 7.1094E-01,1
 7.0898E-01,1
 7.0898E-01,1
 7.0605E-01,1
 7.0508E-01,1
 7.0410E-01,1
 7.0410E-01,1
 7.0020E-01,1
 6.9922E-01,1
 6.9727E-01,1
 6.9434E-01,1
 6.9434E-01,1
 6.9238E-01,1
 6.8945E-01,1
 6.8945E-01,1
 6.8848E-01,1
 6.8652E-01,1
 6.8555E-01,1
 6.8262E-01,1
 6.8262E-01,1
 6.7969E-01,1
 6.7578E-01,1
 6.7578E-01,1
 6.7383E-01,1
 6.7188E-01,1
 6.6992E-01,1
 6.7090E-01,1
 6.6797E-01,1
 6.6504E-01,1
 6.6211E-01,1
 6.6309E-01,1
 6.6016E-01,1
 6.5723E-01,1
 6.5820E-01,1
 6.5527E-01,1
 6.5527E-01,1
 6.5234E-01,1
 6.5039E-01,1
 6.4746E-01,1
 6.4453E-01,1
 6.4355E-01,1
 6.4160E-01,1
 6.4160E-01,1
 6.3770E-01,1
 6.3672E-01,1
 6.3574E-01,1
 6.3477E-01,1
 6.3281E-01,1
 6.3086E-01,1
 6.2988E-01,1
 6.2598E-01,1
 6.2500E-01,1
 6.2402E-01,1
 6.2402E-01,1
 6.2207E-01,1
 6.1816E-01,1
 6.1523E-01,1
 6.1523E-01,1
 6.1523E-01,1
 6.1230E-01,1
 6.0840E-01,1
 6.0742E-01,1
 6.0742E-01,1
 6.0449E-01,1
 6.0254E-01,1
 6.0059E-01,1
 6.0059E-01,1
 5.9961E-01,1
 5.9668E-01,1
 5.9570E-01,1
 5.9277E-01,1
 5.9180E-01,1
 5.8887E-01,1
 5.8691E-01,1
 5.8691E-01,1
 5.8301E-01,1
 5.8203E-01,1
 5.8105E-01,1
 5.7910E-01,1
 5.7617E-01,1
 5.7520E-01,1
 5.7520E-01,1
 5.7422E-01,1
 5.7227E-01,1
 5.6738E-01,1
 5.6738E-01,1
 5.6738E-01,1
 5.6641E-01,1
 5.6348E-01,1
 5.6250E-01,1
 5.5957E-01,1
 5.5957E-01,1
 5.5762E-01,1
 5.5566E-01,1
 5.5273E-01,1
 5.5176E-01,1
 5.4980E-01,1
 5.4883E-01,1
 5.4785E-01,1
 5.4590E-01,1
 5.4395E-01,1
 5.4199E-01,1
 5.4199E-01,1
 5.4102E-01,1
 5.3906E-01,1
 5.3711E-01,1
 5.3516E-01,1
 5.3125E-01,1
 5.3027E-01,1
 5.2930E-01,1
 5.2734E-01,1
 5.2539E-01,1
 5.2246E-01,1
 5.2148E-01,1
 5.1953E-01,1
 5.1758E-01,1
 5.1563E-01,1
 5.1270E-01,1
