 1.0732E+00,3,1,1,10-03-17,16:16:42
 1.0752E+00,1
 1.0742E+00,1
 1.0742E+00,1
 1.0762E+00,1
 1.0752E+00,1
 1.0732E+00,1
 1.0752E+00,1
 1.0752E+00,1
 1.0752E+00,1
 1.0752E+00,1
 1.0752E+00,1
 1.0762E+00,1
 1.0742E+00,1
 1.0742E+00,1
 1.0732E+00,1
 1.0752E+00,1
 1.0742E+00,1
 1.0752E+00,1
 1.0742E+00,1
 1.0752E+00,1
 1.0752E+00,1
 1.0771E+00,1
 1.0723E+00,1
 1.0771E+00,1
 1.0771E+00,1
 1.0752E+00,1
 1.0742E+00,1
 1.0732E+00,1
 1.0742E+00,1
 1.0742E+00,1
 1.0742E+00,1
 1.0771E+00,1
 1.0742E+00,1
 1.0762E+00,1
 1.0742E+00,1
 1.0771E+00,1
 1.0752E+00,1
 1.0752E+00,1
 1.0732E+00,1
 1.0771E+00,1
 1.0732E+00,1
 1.0762E+00,1
 1.0752E+00,1
 1.0771E+00,1
 1.0742E+00,1
 1.0762E+00,1
 1.0752E+00,1
 1.0762E+00,1
 1.0752E+00,1
 1.0762E+00,1
 1.0762E+00,1
 1.0752E+00,1
 1.0752E+00,1
 1.0762E+00,1
 1.0752E+00,1
 1.0762E+00,1
 1.0742E+00,1
 1.0771E+00,1
 1.0762E+00,1
 1.0762E+00,1
 1.0742E+00,1
 1.0742E+00,1
 1.0771E+00,1
 1.0752E+00,1
 1.0742E+00,1
 1.0752E+00,1
 1.0742E+00,1
 1.0771E+00,1
 1.0752E+00,1
 1.0742E+00,1
 1.0752E+00,1
 1.0762E+00,1
 1.0752E+00,1
 1.0752E+00,1
 1.0752E+00,1
 1.0752E+00,1
 1.0742E+00,1
 1.0752E+00,1
 1.0771E+00,1
 1.0752E+00,1
 1.0752E+00,1
 1.0732E+00,1
 1.0762E+00,1
 1.0732E+00,1
 1.0752E+00,1
 1.0752E+00,1
 1.0762E+00,1
 1.0742E+00,1
 1.0752E+00,1
 1.0742E+00,1
 1.0762E+00,1
 1.0742E+00,1
 1.0742E+00,1
 1.0762E+00,1
 1.0752E+00,1
 1.0742E+00,1
 1.0752E+00,1
 1.0723E+00,1
 1.0742E+00,1
 1.0732E+00,1
 1.0762E+00,1
 1.0723E+00,1
 1.0732E+00,1
 1.0742E+00,1
 1.0752E+00,1
 1.0742E+00,1
 1.0752E+00,1
 1.0742E+00,1
 1.0742E+00,1
 1.0742E+00,1
 1.0752E+00,1
 1.0732E+00,1
 1.0732E+00,1
 1.0742E+00,1
 1.0742E+00,1
 1.0703E+00,1
 1.0732E+00,1
 1.0723E+00,1
 1.0723E+00,1
 1.0723E+00,1
 1.0752E+00,1
 1.0732E+00,1
 1.0723E+00,1
 1.0742E+00,1
 1.0732E+00,1
 1.0723E+00,1
 1.0742E+00,1
 1.0703E+00,1
 1.0732E+00,1
 1.0693E+00,1
 1.0723E+00,3,2,0,10-03-17,16:18:53,"50um succinate"
 1.0703E+00,1
 1.0693E+00,1
 1.0693E+00,1
 1.0684E+00,1
 1.0674E+00,1
 1.0654E+00,1
 1.0664E+00,1
 1.0625E+00,1
 1.0625E+00,1
 1.0596E+00,1
 1.0586E+00,1
 1.0596E+00,1
 1.0576E+00,1
 1.0557E+00,1
 1.0547E+00,1
 1.0508E+00,1
 1.0508E+00,1
 1.0488E+00,1
 1.0469E+00,1
 1.0469E+00,1
 1.0439E+00,1
 1.0430E+00,1
 1.0400E+00,1
 1.0391E+00,1
 1.0361E+00,1
 1.0352E+00,1
 1.0371E+00,1
 1.0303E+00,1
 1.0303E+00,1
 1.0293E+00,1
 1.0283E+00,1
 1.0273E+00,1
 1.0244E+00,1
 1.0225E+00,1
 1.0225E+00,1
 1.0195E+00,1
 1.0186E+00,1
 1.0156E+00,1
 1.0146E+00,1
 1.0137E+00,1
 1.0117E+00,1
 1.0098E+00,1
 1.0088E+00,1
 1.0059E+00,1
 1.0059E+00,1
 1.0020E+00,1
 1.0010E+00,1
 1.0000E+00,1
 9.9805E-01,1
 9.9707E-01,1
 9.9609E-01,1
 9.9219E-01,1
 9.9219E-01,1
 9.9023E-01,1
 9.9121E-01,1
 9.8730E-01,1
 9.8926E-01,1
 9.8535E-01,1
 9.8242E-01,1
 9.8145E-01,1
 9.8145E-01,1
 9.7949E-01,1
 9.7656E-01,1
 9.7363E-01,1
 9.7461E-01,1
 9.7266E-01,1
 9.7266E-01,1
 9.6777E-01,1
 9.6777E-01,1
 9.6582E-01,1
 9.6680E-01,1
 9.6191E-01,1
 9.6289E-01,1
 9.5996E-01,1
 9.5898E-01,1
 9.5605E-01,1
 9.5508E-01,1
 9.5410E-01,1
 9.5117E-01,1
 9.5020E-01,1
 9.5020E-01,1
 9.4727E-01,1
 9.4824E-01,1
 9.4336E-01,1
 9.3359E-01,1
 9.1406E-01,1
 8.8672E-01,1
 8.5352E-01,1
 8.2520E-01,1
 7.9785E-01,1
 7.7637E-01,1
 7.5879E-01,1
 7.4805E-01,1
 7.3633E-01,1
 7.3242E-01,1
 7.2559E-01,1
 7.2070E-01,1
 7.1777E-01,1
 7.1973E-01,1
 7.1973E-01,1
 7.2168E-01,1
 7.1973E-01,1
 7.2266E-01,1
 7.2266E-01,1
 7.2363E-01,1
 7.2266E-01,1
 7.2266E-01,1
 7.2852E-01,1
 7.5000E-01,1
 7.8906E-01,1
 8.2422E-01,1
 8.4961E-01,1
 8.6523E-01,1
 8.7598E-01,1
 8.8184E-01,1
 8.8379E-01,1
 8.8477E-01,1
 8.8574E-01,1
 8.8574E-01,1
 8.8281E-01,1
 8.8379E-01,1
 8.8184E-01,1
 8.8184E-01,1
 8.7988E-01,1
 8.7891E-01,1
 8.7598E-01,1
 8.7500E-01,1
 8.7695E-01,1
 8.7305E-01,1
 8.6914E-01,1
 8.6816E-01,1
 8.6719E-01,1
 8.6621E-01,1
 8.6523E-01,1
 8.6230E-01,1
 8.6133E-01,1
 8.5938E-01,1
 8.6035E-01,1
 8.5742E-01,1
 8.5547E-01,1
 8.5449E-01,1
 8.5254E-01,1
 8.5156E-01,1
 8.5059E-01,1
 8.4863E-01,1
 8.4668E-01,1
 8.4375E-01,1
 8.4277E-01,1
 8.3984E-01,1
 8.4180E-01,1
 8.4082E-01,1
 8.3789E-01,1
 8.3496E-01,1
 8.3398E-01,1
 8.3301E-01,1
 8.3203E-01,1
 8.3008E-01,1
 8.2715E-01,1
 8.2715E-01,1
 8.2520E-01,1
 8.2520E-01,1
 8.2422E-01,1
 8.2129E-01,1
 8.2031E-01,1
 8.1934E-01,1
 8.2031E-01,1
 8.1445E-01,1
 8.1445E-01,1
 8.1055E-01,1
 8.1348E-01,1
 8.0859E-01,1
 8.0859E-01,1
 8.0566E-01,1
 8.0469E-01,1
 8.0273E-01,1
 8.0176E-01,1
 8.0078E-01,1
 7.9785E-01,1
 7.9980E-01,1
 7.9492E-01,1
 7.9590E-01,1
 7.9199E-01,1
 7.9102E-01,1
 7.9004E-01,1
 7.8809E-01,1
 7.8516E-01,1
 7.8516E-01,1
 7.8223E-01,1
 7.8125E-01,1
 7.8027E-01,1
 7.7832E-01,1
 7.7637E-01,1
 7.7539E-01,1
 7.7148E-01,1
 7.7246E-01,1
 7.6953E-01,1
 7.6953E-01,1
 7.6660E-01,1
 7.6465E-01,1
 7.6172E-01,1
 7.6270E-01,1
 7.6074E-01,1
 7.5781E-01,1
 7.5684E-01,1
 7.5684E-01,1
 7.5391E-01,1
 7.5000E-01,1
 7.4902E-01,1
 7.5195E-01,1
 7.5000E-01,3,3,0,10-03-17,16:22:23,"50um dh2o"
 7.5195E-01,1
 7.4902E-01,1
 7.5098E-01,1
 7.4805E-01,1
 7.4805E-01,1
 7.4609E-01,1
 7.4512E-01,1
 7.4316E-01,1
 7.4316E-01,1
 7.4023E-01,1
 7.4023E-01,1
 7.3730E-01,1
 7.3828E-01,3,4,0,10-03-17,16:22:36,"*magnet stopped earlier"
 7.3535E-01,1
 7.3340E-01,1
 7.3242E-01,1
 7.3340E-01,1
 7.2852E-01,1
 7.2949E-01,1
 7.2559E-01,1
 7.2754E-01,1
 7.2461E-01,1
 7.2266E-01,1
 7.2266E-01,1
 7.2461E-01,1
 7.1973E-01,1
 7.2168E-01,1
 7.1680E-01,1
 7.1777E-01,1
 7.1484E-01,1
 7.1191E-01,1
 7.1191E-01,1
 7.1094E-01,1
 7.0996E-01,1
 7.0703E-01,1
 7.0508E-01,1
 7.0801E-01,1
 7.0410E-01,1
 7.0410E-01,1
 6.9922E-01,1
 7.0020E-01,1
 6.9824E-01,1
 6.9727E-01,1
 6.9727E-01,1
 6.9531E-01,1
 6.9238E-01,1
 6.9238E-01,1
 6.9141E-01,1
 6.9043E-01,1
 6.8848E-01,1
 6.8945E-01,1
 6.8359E-01,1
 6.8555E-01,1
 6.8359E-01,1
 6.8164E-01,1
 6.8066E-01,1
 6.8066E-01,1
 6.7676E-01,1
 6.7871E-01,1
 6.7578E-01,1
 6.7480E-01,1
 6.7285E-01,1
 6.7188E-01,1
 6.7090E-01,1
 6.6895E-01,1
 6.6797E-01,1
 6.6699E-01,1
 6.6406E-01,1
 6.6504E-01,1
 6.6113E-01,1
 6.6016E-01,1
 6.6016E-01,1
 6.6016E-01,1
 6.5625E-01,1
 6.5430E-01,1
 6.5430E-01,1
 6.5332E-01,1
 6.4941E-01,1
 6.5039E-01,1
 6.4941E-01,1
 6.4648E-01,1
 6.4453E-01,1
 6.4160E-01,1
 6.4160E-01,1
 6.4160E-01,1
 6.3965E-01,1
 6.3965E-01,1
 6.3672E-01,1
 6.3574E-01,1
 6.3477E-01,1
 6.2988E-01,1
 6.3281E-01,1
 6.2988E-01,1
 6.2891E-01,1
 6.2598E-01,1
 6.2500E-01,1
 6.2305E-01,1
 6.2500E-01,1
 6.2109E-01,1
 6.2109E-01,1
 6.1914E-01,1
 6.1621E-01,1
 6.1621E-01,1
 6.1523E-01,1
 6.1328E-01,1
 6.1328E-01,1
 6.0938E-01,1
 6.1035E-01,1
 6.0742E-01,1
 6.0547E-01,1
 6.0449E-01,1
 6.0352E-01,1
 6.0156E-01,1
 6.0156E-01,1
 5.9863E-01,1
 5.9961E-01,1
 5.9766E-01,1
 5.9668E-01,1
 5.9277E-01,1
 5.9375E-01,1
 5.9375E-01,1
 5.9180E-01,1
 5.8984E-01,1
 5.8887E-01,1
 5.8691E-01,1
 5.8594E-01,1
 5.8203E-01,1
 5.8594E-01,1
 5.8105E-01,1
 5.8008E-01,1
 5.8008E-01,1
 5.7910E-01,1
 5.7813E-01,1
 5.7520E-01,1
 5.7324E-01,1
 5.7324E-01,1
 5.7324E-01,1
 5.7227E-01,1
 5.6738E-01,1
 5.6934E-01,1
 5.6738E-01,1
 5.6543E-01,1
 5.6445E-01,1
 5.6250E-01,1
 5.6348E-01,1
 5.5957E-01,1
 5.6055E-01,1
 5.5957E-01,1
 5.5762E-01,1
 5.5664E-01,1
 5.5176E-01,1
 5.5273E-01,1
 5.5273E-01,1
 5.5078E-01,1
 5.4883E-01,1
 5.4785E-01,1
 5.4590E-01,1
 5.4785E-01,1
 5.4395E-01,1
 5.4199E-01,1
 5.4102E-01,1
 5.4102E-01,1
 5.4004E-01,1
 5.3711E-01,1
 5.3418E-01,1
 5.3516E-01,1
 5.3320E-01,1
 5.3223E-01,1
 5.3320E-01,1
 5.3125E-01,1
 5.2734E-01,1
 5.2734E-01,1
 5.2539E-01,1
 5.2637E-01,1
 5.2051E-01,1
 5.2148E-01,1
 5.1953E-01,1
 5.2051E-01,1
 5.1563E-01,1
 5.1563E-01,1
 5.1367E-01,1
 5.1367E-01,1
 5.1074E-01,1
 5.0977E-01,1
 5.0781E-01,1
 5.0684E-01,1
 5.0488E-01,1
 5.0586E-01,1
 5.0293E-01,1
 5.0391E-01,1
 5.0000E-01,1
 5.0098E-01,1
 4.9707E-01,1
 4.9707E-01,1
 4.9512E-01,1
 4.9512E-01,1
 4.9121E-01,1
 4.9316E-01,1
 4.8926E-01,1
 4.8828E-01,1
 4.8633E-01,1
 4.8828E-01,1
 4.8438E-01,1
